5.0, 5.0, 5.0, 5.0, 5.0, 5.0, 5.0, 5.0, 5.0, 5.0
parameter ends

state | action | reward
[-0.02] | 0 | 1.0
-0.021440107375383377 | 0 | 1.0
-0.025926191359758377 | 0 | 1.0
-0.0343124158680439 | 0 | 1.0
-0.04660065844655037 | 0 | 1.0
-0.06279422342777252 | 0 | 1.0
-0.08289746195077896 | 0 | 1.0
-0.10691516101360321 | 0 | 1.0
-0.13485170900821686 | 0 | 1.0
Total reward: 9.0
5.0, 5.0, 5.0, 5.0, 5.0, 5.0, 5.0, 5.0, 5.0, 5.0
parameter ends

state | action | reward
[0.04] | 0 | 1.0
0.04509427770972252 | 0 | 1.0
0.04190538451075554 | 0 | 1.0
0.03482827544212341 | 0 | 1.0
0.02386120706796646 | 0 | 1.0
0.009000754915177822 | 0 | 1.0
-0.009757891297340393 | 0 | 1.0
-0.032420456409454346 | 0 | 1.0
-0.05899291858077049 | 0 | 1.0
-0.08948059380054474 | 0 | 1.0
-0.12388692796230316 | 0 | 1.0
Total reward: 11.0
5.0, 5.0, 5.0, 5.0, 5.0, 5.0, 5.0, 5.0, 5.0, 5.0
parameter ends

state | action | reward
[-0.01] | 0 | 1.0
-0.013576723635196686 | 0 | 1.0
-0.01708412729203701 | 0 | 1.0
-0.02449054643511772 | 0 | 1.0
-0.03579794615507126 | 0 | 1.0
-0.051009733229875565 | 0 | 1.0
-0.0701303631067276 | 0 | 1.0
-0.09316475689411163 | 0 | 1.0
-0.1201174408197403 | 0 | 1.0
-0.15099143981933594 | 0 | 1.0
Total reward: 10.0
5.0, 5.0, 5.0, 5.0, 5.0, 5.0, 5.0, 5.0, 5.0, 5.0
parameter ends

state | action | reward
[-0.01] | 0 | 1.0
-0.010321330279111862 | 0 | 1.0
-0.013612784445285797 | 0 | 1.0
-0.02079247310757637 | 0 | 1.0
-0.03186236694455147 | 0 | 1.0
-0.046826086938381195 | 0 | 1.0
-0.0656885951757431 | 0 | 1.0
-0.08845570683479309 | 0 | 1.0
-0.1151333749294281 | 0 | 1.0
-0.1457267701625824 | 0 | 1.0
Total reward: 10.0
5.0, 5.0, 5.0, 5.0, 5.0, 5.0, 5.0, 5.0, 5.0, 5.0
parameter ends

state | action | reward
[-0.01] | 0 | 1.0
-0.008723790757358074 | 0 | 1.0
-0.012832078151404858 | 0 | 1.0
-0.0208444781601429 | 0 | 1.0
-0.03276249021291733 | 0 | 1.0
-0.04858901724219322 | 0 | 1.0
-0.06832797825336456 | 0 | 1.0
-0.09198372811079025 | 0 | 1.0
-0.11956019699573517 | 0 | 1.0
Total reward: 9.0
5.0, 5.0, 5.0, 5.0, 5.0, 5.0, 5.0, 5.0, 5.0, 5.0
parameter ends

state | action | reward
[-0.02] | 0 | 1.0
-0.023031730204820633 | 0 | 1.0
-0.026434142142534256 | 0 | 1.0
-0.033749449998140335 | 0 | 1.0
-0.04497905448079109 | 0 | 1.0
-0.06012551113963127 | 0 | 1.0
-0.07919208705425262 | 0 | 1.0
-0.10218208283185959 | 0 | 1.0
Total reward: 8.0
5.0, 5.0, 5.0, 5.0, 5.0, 5.0, 5.0, 5.0, 5.0, 5.0
parameter ends

state | action | reward
[-0.03] | 0 | 1.0
-0.033461496233940125 | 0 | 1.0
-0.036737021058797836 | 0 | 1.0
-0.043905120342969894 | 0 | 1.0
-0.05496755987405777 | 0 | 1.0
-0.06992772966623306 | 0 | 1.0
-0.08879028260707855 | 0 | 1.0
-0.11156065762042999 | 0 | 1.0
-0.13824433088302612 | 0 | 1.0
-0.16884586215019226 | 0 | 1.0
Total reward: 10.0
5.0, 5.0, 5.0, 5.0, 5.0, 5.0, 5.0, 5.0, 5.0, 5.0
parameter ends

state | action | reward
[0.03] | 0 | 1.0
0.03156251832842827 | 0 | 1.0
0.02811456099152565 | 0 | 1.0
0.020761026069521904 | 0 | 1.0
0.009500471875071526 | 0 | 1.0
-0.005669918842613697 | 0 | 1.0
-0.024753950536251068 | 0 | 1.0
-0.04775581508874893 | 0 | 1.0
-0.07467924058437347 | 0 | 1.0
Total reward: 9.0
5.0, 5.0, 5.0, 5.0, 5.0, 5.0, 5.0, 5.0, 5.0, 5.0
parameter ends

state | action | reward
[0.03] | 0 | 1.0
0.030137719586491585 | 0 | 1.0
0.026878561824560165 | 0 | 1.0
0.019708598032593727 | 0 | 1.0
0.008626298047602177 | 0 | 1.0
-0.006371067836880684 | 0 | 1.0
-0.02528698556125164 | 0 | 1.0
-0.0481250062584877 | 0 | 1.0
-0.07488780468702316 | 0 | 1.0
Total reward: 9.0
5.0, 5.0, 5.0, 5.0, 5.0, 5.0, 5.0, 5.0, 5.0, 5.0
parameter ends

state | action | reward
[0.03] | 0 | 1.0
0.030210332944989204 | 0 | 1.0
0.025888167321681976 | 0 | 1.0
0.017663462087512016 | 0 | 1.0
0.005534435156732798 | 0 | 1.0
-0.010502094402909279 | 0 | 1.0
-0.030450288206338882 | 0 | 1.0
-0.05431468412280083 | 0 | 1.0
-0.08209932595491409 | 0 | 1.0
Total reward: 9.0
5.0, 5.0, 5.0, 5.0, 5.0, 5.0, 5.0, 5.0, 5.0, 5.0
parameter ends

state | action | reward
[0.02] | 0 | 1.0
0.021733779460191727 | 0 | 1.0
0.017207017168402672 | 0 | 1.0
0.008776827715337276 | 0 | 1.0
-0.0035583446733653545 | 0 | 1.0
-0.019801469519734383 | 0 | 1.0
-0.03995653986930847 | 0 | 1.0
-0.06402797996997833 | 0 | 1.0
-0.09201981872320175 | 0 | 1.0
Total reward: 9.0
5.0, 5.0, 5.0, 5.0, 5.0, 5.0, 5.0, 5.0, 5.0, 5.0
parameter ends

state | action | reward
[-0.02] | 0 | 1.0
-0.019552571699023247 | 0 | 1.0
-0.023393036797642708 | 0 | 1.0
-0.03114532120525837 | 0 | 1.0
-0.04281068593263626 | 0 | 1.0
-0.05839161574840546 | 0 | 1.0
-0.07789141684770584 | 0 | 1.0
-0.10131353884935379 | 0 | 1.0
-0.12866070866584778 | 0 | 1.0
Total reward: 9.0
5.0, 5.0, 5.0, 5.0, 5.0, 5.0, 5.0, 5.0, 5.0, 5.0
parameter ends

state | action | reward
[-0.03] | 0 | 1.0
-0.03255568444728851 | 0 | 1.0
-0.03689248114824295 | 0 | 1.0
-0.045129790902137756 | 0 | 1.0
-0.05726907402276993 | 0 | 1.0
-0.07331327348947525 | 0 | 1.0
-0.09326649457216263 | 0 | 1.0
-0.11713341623544693 | 0 | 1.0
-0.1449185609817505 | 0 | 1.0
-0.17662519216537476 | 0 | 1.0
Total reward: 10.0
5.0, 5.0, 5.0, 5.0, 5.0, 5.0, 5.0, 5.0, 5.0, 5.0
parameter ends

state | action | reward
[-0.02] | 0 | 1.0
-0.023163048550486565 | 0 | 1.0
-0.026613283902406693 | 0 | 1.0
-0.03397693857550621 | 0 | 1.0
-0.045255258679389954 | 0 | 1.0
-0.06045067682862282 | 0 | 1.0
-0.07956636697053909 | 0 | 1.0
-0.10260558128356934 | 0 | 1.0
Total reward: 8.0
5.0, 5.0, 5.0, 5.0, 5.0, 5.0, 5.0, 5.0, 5.0, 5.0
parameter ends

state | action | reward
[-0.02] | 0 | 1.0
-0.021149085834622383 | 0 | 1.0
-0.025275327265262604 | 0 | 1.0
-0.033315565437078476 | 0 | 1.0
-0.04527109116315842 | 0 | 1.0
-0.06114433705806732 | 0 | 1.0
-0.08093845099210739 | 0 | 1.0
-0.10465659946203232 | 0 | 1.0
Total reward: 8.0
5.0, 5.0, 5.0, 5.0, 5.0, 5.0, 5.0, 5.0, 5.0, 5.0
parameter ends

state | action | reward
[0.05] | 0 | 1.0
0.04958837851881981 | 0 | 1.0
0.04638513922691345 | 0 | 1.0
0.039288390427827835 | 0 | 1.0
0.028296299278736115 | 0 | 1.0
0.013405460864305496 | 0 | 1.0
-0.0053887804970145226 | 0 | 1.0
-0.02809179574251175 | 0 | 1.0
-0.05470893532037735 | 0 | 1.0
-0.08524452894926071 | 0 | 1.0
Total reward: 10.0
5.0, 5.0, 5.0, 5.0, 5.0, 5.0, 5.0, 5.0, 5.0, 5.0
parameter ends

state | action | reward
[0.04] | 0 | 1.0
0.03749698027968407 | 0 | 1.0
0.034179288893938065 | 0 | 1.0
0.026948733255267143 | 0 | 1.0
0.015804080292582512 | 0 | 1.0
0.0007429050747305155 | 0 | 1.0
-0.01823800429701805 | 0 | 1.0
-0.04114197567105293 | 0 | 1.0
-0.06797152757644653 | 0 | 1.0
Total reward: 9.0
5.0, 5.0, 5.0, 5.0, 5.0, 5.0, 5.0, 5.0, 5.0, 5.0
parameter ends

state | action | reward
[-0.03] | 0 | 1.0
-0.02794221229851246 | 0 | 1.0
-0.03188299760222435 | 0 | 1.0
-0.03973836451768875 | 0 | 1.0
-0.05150953680276871 | 0 | 1.0
-0.06719890236854553 | 0 | 1.0
-0.08680952340364456 | 0 | 1.0
-0.11034449189901352 | 0 | 1.0
Total reward: 8.0
5.0, 5.0, 5.0, 5.0, 5.0, 5.0, 5.0, 5.0, 5.0, 5.0
parameter ends

state | action | reward
[0.01] | 0 | 1.0
0.007447730749845505 | 0 | 1.0
0.00274466909468174 | 0 | 1.0
-0.005873202811926603 | 0 | 1.0
-0.01840701512992382 | 0 | 1.0
-0.0348590612411499 | 0 | 1.0
-0.05523235723376274 | 0 | 1.0
-0.07952998578548431 | 0 | 1.0
Total reward: 8.0
5.0, 5.0, 5.0, 5.0, 5.0, 5.0, 5.0, 5.0, 5.0, 5.0
parameter ends

state | action | reward
[0.03] | 0 | 1.0
0.035741791129112244 | 0 | 1.0
0.032680779695510864 | 0 | 1.0
0.025705277919769287 | 0 | 1.0
0.014814059250056744 | 0 | 1.0
4.752434051624732e-06 | 0 | 1.0
-0.018725721165537834 | 0 | 1.0
-0.041380468755960464 | 0 | 1.0
Total reward: 8.0
