5.3, 5.3, 5.3, 5.3, 5.3, 5.3, 5.3, 5.3, 5.3, 5.3
parameter ends

state | action | reward
[-0.] | 0 | 1.0
-6.097216555644991e-06 | 0 | 1.0
-0.0029284264892339706 | 0 | 1.0
-0.009741599671542645 | 0 | 1.0
-0.020447777584195137 | 0 | 1.0
-0.03505070507526398 | 0 | 1.0
-0.053555361926555634 | 0 | 1.0
-0.07596742361783981 | 0 | 1.0
-0.1022925078868866 | 0 | 1.0
-0.1325351744890213 | 0 | 1.0
Total reward: 10.0
5.3, 5.3, 5.3, 5.3, 5.3, 5.3, 5.3, 5.3, 5.3, 5.3
parameter ends

state | action | reward
[0.04] | 0 | 1.0
0.039542119950056076 | 0 | 1.0
0.036234982311725616 | 0 | 1.0
0.029019899666309357 | 0 | 1.0
0.017895584926009178 | 0 | 1.0
0.002859406638890505 | 0 | 1.0
-0.016092216596007347 | 0 | 1.0
-0.038963209837675095 | 0 | 1.0
-0.06575698405504227 | 0 | 1.0
Total reward: 9.0
5.3, 5.3, 5.3, 5.3, 5.3, 5.3, 5.3, 5.3, 5.3, 5.3
parameter ends

state | action | reward
[0.05] | 0 | 1.0
0.049560319632291794 | 0 | 1.0
0.04537501186132431 | 0 | 1.0
0.03729691728949547 | 0 | 1.0
0.025324087589979172 | 0 | 1.0
0.00945298746228218 | 0 | 1.0
-0.010321145877242088 | 0 | 1.0
-0.03400377929210663 | 0 | 1.0
-0.061600327491760254 | 0 | 1.0
-0.09311515092849731 | 0 | 1.0
Total reward: 10.0
5.3, 5.3, 5.3, 5.3, 5.3, 5.3, 5.3, 5.3, 5.3, 5.3
parameter ends

state | action | reward
[0.03] | 0 | 1.0
0.031663160771131516 | 0 | 1.0
0.02745843678712845 | 0 | 1.0
0.01936451531946659 | 0 | 1.0
0.007379349786788225 | 0 | 1.0
-0.008500739932060242 | 0 | 1.0
-0.028280729427933693 | 0 | 1.0
-0.051966387778520584 | 0 | 1.0
-0.07956355065107346 | 0 | 1.0
-0.11107717454433441 | 0 | 1.0
Total reward: 10.0
5.3, 5.3, 5.3, 5.3, 5.3, 5.3, 5.3, 5.3, 5.3, 5.3
parameter ends

state | action | reward
[0.04] | 0 | 1.0
0.043787747621536255 | 0 | 1.0
0.04068597033619881 | 0 | 1.0
0.03368639200925827 | 0 | 1.0
0.022787241265177727 | 0 | 1.0
0.007985249161720276 | 0 | 1.0
-0.010724001564085484 | 0 | 1.0
-0.033345505595207214 | 0 | 1.0
-0.05988405644893646 | 0 | 1.0
-0.0903431698679924 | 0 | 1.0
Total reward: 10.0
5.3, 5.3, 5.3, 5.3, 5.3, 5.3, 5.3, 5.3, 5.3, 5.3
parameter ends

state | action | reward
[-0.02] | 0 | 1.0
-0.018393756821751595 | 0 | 1.0
-0.02277875691652298 | 0 | 1.0
-0.031058838590979576 | 0 | 1.0
-0.043235812336206436 | 0 | 1.0
-0.05931305140256882 | 0 | 1.0
-0.07929512858390808 | 0 | 1.0
-0.10318727791309357 | 0 | 1.0
-0.13099466264247894 | 0 | 1.0
-0.16272130608558655 | 0 | 1.0
Total reward: 10.0
5.3, 5.3, 5.3, 5.3, 5.3, 5.3, 5.3, 5.3, 5.3, 5.3
parameter ends

state | action | reward
[0.04] | 0 | 1.0
0.04186554253101349 | 0 | 1.0
0.037466201931238174 | 0 | 1.0
0.029150931164622307 | 0 | 1.0
0.0169183649122715 | 0 | 1.0
0.0007660800474695861 | 0 | 1.0
-0.019308924674987793 | 0 | 1.0
-0.043309491127729416 | 0 | 1.0
Total reward: 8.0
5.3, 5.3, 5.3, 5.3, 5.3, 5.3, 5.3, 5.3, 5.3, 5.3
parameter ends

state | action | reward
[-0.04] | 0 | 1.0
-0.038083747029304504 | 0 | 1.0
-0.04134300723671913 | 0 | 1.0
-0.04850402846932411 | 0 | 1.0
-0.05956847220659256 | 0 | 1.0
-0.0745394304394722 | 0 | 1.0
-0.09342105686664581 | 0 | 1.0
-0.1162179484963417 | 0 | 1.0
-0.14293435215950012 | 0 | 1.0
Total reward: 9.0
5.3, 5.3, 5.3, 5.3, 5.3, 5.3, 5.3, 5.3, 5.3, 5.3
parameter ends

state | action | reward
[-0.02] | 0 | 1.0
-0.01734287664294243 | 0 | 1.0
-0.020760787650942802 | 0 | 1.0
-0.028087375685572624 | 0 | 1.0
-0.03932405263185501 | 0 | 1.0
-0.05447351932525635 | 0 | 1.0
-0.0735393688082695 | 0 | 1.0
-0.09652544558048248 | 0 | 1.0
-0.12343493103981018 | 0 | 1.0
Total reward: 9.0
5.3, 5.3, 5.3, 5.3, 5.3, 5.3, 5.3, 5.3, 5.3, 5.3
parameter ends

state | action | reward
[-0.04] | 0 | 1.0
-0.036353785544633865 | 0 | 1.0
-0.0395059697329998 | 0 | 1.0
-0.046568870544433594 | 0 | 1.0
-0.057544104754924774 | 0 | 1.0
-0.07243446260690689 | 0 | 1.0
-0.09124347567558289 | 0 | 1.0
-0.1139746829867363 | 0 | 1.0
-0.14063070714473724 | 0 | 1.0
Total reward: 9.0
5.3, 5.3, 5.3, 5.3, 5.3, 5.3, 5.3, 5.3, 5.3, 5.3
parameter ends

state | action | reward
[-0.01] | 0 | 1.0
-0.01227387972176075 | 0 | 1.0
-0.01684054546058178 | 0 | 1.0
-0.02530870959162712 | 0 | 1.0
-0.03767998889088631 | 0 | 1.0
-0.05395744368433952 | 0 | 1.0
-0.07414520531892776 | 0 | 1.0
-0.09824789315462112 | 0 | 1.0
-0.12626981735229492 | 0 | 1.0
Total reward: 9.0
5.3, 5.3, 5.3, 5.3, 5.3, 5.3, 5.3, 5.3, 5.3, 5.3
parameter ends

state | action | reward
[0.01] | 0 | 1.0
0.007340375799685717 | 0 | 1.0
0.004298520274460316 | 0 | 1.0
-0.0026332607958465815 | 0 | 1.0
-0.01345660351216793 | 0 | 1.0
-0.028174813836812973 | 0 | 1.0
-0.04679257050156593 | 0 | 1.0
-0.06931544840335846 | 0 | 1.0
-0.09574923664331436 | 0 | 1.0
-0.12609905004501343 | 0 | 1.0
-0.16036807000637054 | 0 | 1.0
Total reward: 11.0
5.3, 5.3, 5.3, 5.3, 5.3, 5.3, 5.3, 5.3, 5.3, 5.3
parameter ends

state | action | reward
[-0.05] | 0 | 1.0
-0.049349136650562286 | 0 | 1.0
-0.054013852030038834 | 0 | 1.0
-0.06258367747068405 | 0 | 1.0
-0.07506002485752106 | 0 | 1.0
-0.09144571423530579 | 0 | 1.0
-0.11174456775188446 | 0 | 1.0
-0.13596083223819733 | 0 | 1.0
-0.16409832239151 | 0 | 1.0
Total reward: 9.0
5.3, 5.3, 5.3, 5.3, 5.3, 5.3, 5.3, 5.3, 5.3, 5.3
parameter ends

state | action | reward
[-0.] | 0 | 1.0
-0.004634310491383076 | 0 | 1.0
-0.009481879882514477 | 0 | 1.0
-0.018217047676444054 | 0 | 1.0
-0.0308415275067091 | 0 | 1.0
-0.04735872521996498 | 0 | 1.0
-0.06777346134185791 | 0 | 1.0
-0.09209147840738297 | 0 | 1.0
-0.12031883746385574 | 0 | 1.0
-0.1524609625339508 | 0 | 1.0
-0.18852145969867706 | 0 | 1.0
Total reward: 11.0
5.3, 5.3, 5.3, 5.3, 5.3, 5.3, 5.3, 5.3, 5.3, 5.3
parameter ends

state | action | reward
[-0.05] | 0 | 1.0
-0.0456620492041111 | 0 | 1.0
-0.04927903786301613 | 0 | 1.0
-0.05679905787110329 | 0 | 1.0
-0.06822377443313599 | 0 | 1.0
-0.08355627208948135 | 0 | 1.0
-0.1028006300330162 | 0 | 1.0
-0.1259613037109375 | 0 | 1.0
-0.15304234623908997 | 0 | 1.0
Total reward: 9.0
5.3, 5.3, 5.3, 5.3, 5.3, 5.3, 5.3, 5.3, 5.3, 5.3
parameter ends

state | action | reward
[0.] | 0 | 1.0
0.002636261750012636 | 0 | 1.0
-0.0018971170065924525 | 0 | 1.0
-0.01032661460340023 | 0 | 1.0
-0.022653969004750252 | 0 | 1.0
-0.03888246417045593 | 0 | 1.0
-0.059016577899456024 | 0 | 1.0
-0.08306144922971725 | 0 | 1.0
-0.11102211475372314 | 0 | 1.0
-0.1429024636745453 | 0 | 1.0
Total reward: 10.0
5.3, 5.3, 5.3, 5.3, 5.3, 5.3, 5.3, 5.3, 5.3, 5.3
parameter ends

state | action | reward
[-0.04] | 0 | 1.0
-0.034502435475587845 | 0 | 1.0
-0.03763701021671295 | 0 | 1.0
-0.04467044770717621 | 0 | 1.0
-0.05560426414012909 | 0 | 1.0
-0.07044149935245514 | 0 | 1.0
-0.08918636292219162 | 0 | 1.0
-0.11184372007846832 | 0 | 1.0
-0.1384182870388031 | 0 | 1.0
-0.1689136028289795 | 0 | 1.0
Total reward: 10.0
5.3, 5.3, 5.3, 5.3, 5.3, 5.3, 5.3, 5.3, 5.3, 5.3
parameter ends

state | action | reward
[-0.01] | 0 | 1.0
-0.009268677793443203 | 0 | 1.0
-0.013306227512657642 | 0 | 1.0
-0.021254446357488632 | 0 | 1.0
-0.0331147275865078 | 0 | 1.0
-0.04888970032334328 | 0 | 1.0
-0.06858281046152115 | 0 | 1.0
-0.09219764918088913 | 0 | 1.0
-0.11973702907562256 | 0 | 1.0
Total reward: 9.0
5.3, 5.3, 5.3, 5.3, 5.3, 5.3, 5.3, 5.3, 5.3, 5.3
parameter ends

state | action | reward
[0.03] | 0 | 1.0
0.028145836666226387 | 0 | 1.0
0.02397330477833748 | 0 | 1.0
0.015897855162620544 | 0 | 1.0
0.003917665220797062 | 0 | 1.0
-0.0119704594835639 | 0 | 1.0
-0.031770676374435425 | 0 | 1.0
-0.055487483739852905 | 0 | 1.0
-0.08312483876943588 | 0 | 1.0
Total reward: 9.0
5.3, 5.3, 5.3, 5.3, 5.3, 5.3, 5.3, 5.3, 5.3, 5.3
parameter ends

state | action | reward
[0.03] | 0 | 1.0
0.032297585159540176 | 0 | 1.0
0.02813025377690792 | 0 | 1.0
0.02005201205611229 | 0 | 1.0
0.00806127768009901 | 0 | 1.0
-0.007844719104468822 | 0 | 1.0
-0.027669470757246017 | 0 | 1.0
-0.051416508853435516 | 0 | 1.0
-0.07908842712640762 | 0 | 1.0
Total reward: 9.0
