5.1, 5.1, 5.1, 5.1, 5.1, 5.1, 5.1, 5.1, 5.1, 5.1
parameter ends

state | action | reward
[-0.01] | 0 | 1.0
-0.011037422344088554 | 0 | 1.0
-0.015260264277458191 | 0 | 1.0
-0.02337994985282421 | 0 | 1.0
-0.03539841249585152 | 0 | 1.0
-0.05131908506155014 | 0 | 1.0
-0.07114653289318085 | 0 | 1.0
-0.09488586336374283 | 0 | 1.0
-0.12254194170236588 | 0 | 1.0
-0.15411832928657532 | 0 | 1.0
Total reward: 10.0
5.1, 5.1, 5.1, 5.1, 5.1, 5.1, 5.1, 5.1, 5.1, 5.1
parameter ends

state | action | reward
[0.01] | 0 | 1.0
0.012760377489030361 | 0 | 1.0
0.009531074203550816 | 0 | 1.0
0.0023882759269326925 | 0 | 1.0
-0.00866952259093523 | 0 | 1.0
-0.023644939064979553 | 0 | 1.0
-0.04254123196005821 | 0 | 1.0
-0.06536156684160233 | 0 | 1.0
Total reward: 8.0
5.1, 5.1, 5.1, 5.1, 5.1, 5.1, 5.1, 5.1, 5.1, 5.1
parameter ends

state | action | reward
[0.03] | 0 | 1.0
0.026827923953533173 | 0 | 1.0
0.02335323393344879 | 0 | 1.0
0.015970885753631592 | 0 | 1.0
0.0046791499480605125 | 0 | 1.0
-0.01052496675401926 | 0 | 1.0
-0.029645264148712158 | 0 | 1.0
-0.052685681730508804 | 0 | 1.0
-0.07964936643838882 | 0 | 1.0
Total reward: 9.0
5.1, 5.1, 5.1, 5.1, 5.1, 5.1, 5.1, 5.1, 5.1, 5.1
parameter ends

state | action | reward
[-0.03] | 0 | 1.0
-0.02800074592232704 | 0 | 1.0
-0.03139316663146019 | 0 | 1.0
-0.038682982325553894 | 0 | 1.0
-0.04987170547246933 | 0 | 1.0
-0.06496240943670273 | 0 | 1.0
-0.08395937830209732 | 0 | 1.0
-0.10686758160591125 | 0 | 1.0
-0.1336919516324997 | 0 | 1.0
-0.16443632543087006 | 0 | 1.0
Total reward: 10.0
5.1, 5.1, 5.1, 5.1, 5.1, 5.1, 5.1, 5.1, 5.1, 5.1
parameter ends

state | action | reward
[-0.] | 0 | 1.0
0.0003929516242351383 | 0 | 1.0
-0.0025896215811371803 | 0 | 1.0
-0.00948687270283699 | 0 | 1.0
-0.02030028961598873 | 0 | 1.0
-0.03503243625164032 | 0 | 1.0
-0.053686462342739105 | 0 | 1.0
-0.076265349984169 | 0 | 1.0
Total reward: 8.0
5.1, 5.1, 5.1, 5.1, 5.1, 5.1, 5.1, 5.1, 5.1, 5.1
parameter ends

state | action | reward
[0.04] | 0 | 1.0
0.038840461522340775 | 0 | 1.0
0.03542236611247063 | 0 | 1.0
0.02809136174619198 | 0 | 1.0
0.016846012324094772 | 0 | 1.0
0.001683732494711876 | 0 | 1.0
-0.017398759722709656 | 0 | 1.0
-0.04040474444627762 | 0 | 1.0
Total reward: 8.0
5.1, 5.1, 5.1, 5.1, 5.1, 5.1, 5.1, 5.1, 5.1, 5.1
parameter ends

state | action | reward
[-0.02] | 0 | 1.0
-0.021762512624263763 | 0 | 1.0
-0.026442820206284523 | 0 | 1.0
-0.03501923009753227 | 0 | 1.0
-0.04749342054128647 | 0 | 1.0
-0.06386861950159073 | 0 | 1.0
-0.08414927124977112 | 0 | 1.0
-0.10834048688411713 | 0 | 1.0
-0.13644734025001526 | 0 | 1.0
-0.1684737652540207 | 0 | 1.0
Total reward: 10.0
5.1, 5.1, 5.1, 5.1, 5.1, 5.1, 5.1, 5.1, 5.1, 5.1
parameter ends

state | action | reward
[-0.02] | 0 | 1.0
-0.021556401625275612 | 0 | 1.0
-0.02526790089905262 | 0 | 1.0
-0.032873496413230896 | 0 | 1.0
-0.04437495023012161 | 0 | 1.0
-0.05977560207247734 | 0 | 1.0
-0.07908003777265549 | 0 | 1.0
-0.10229357331991196 | 0 | 1.0
-0.12942148745059967 | 0 | 1.0
-0.16046805679798126 | 0 | 1.0
Total reward: 10.0
5.1, 5.1, 5.1, 5.1, 5.1, 5.1, 5.1, 5.1, 5.1, 5.1
parameter ends

state | action | reward
[-0.01] | 0 | 1.0
-0.006819745060056448 | 0 | 1.0
-0.01007772982120514 | 0 | 1.0
-0.01722457818686962 | 0 | 1.0
-0.028262320905923843 | 0 | 1.0
-0.04319462552666664 | 0 | 1.0
-0.06202646344900131 | 0 | 1.0
-0.08476362377405167 | 0 | 1.0
-0.11141199618577957 | 0 | 1.0
-0.14197658002376556 | 0 | 1.0
Total reward: 10.0
5.1, 5.1, 5.1, 5.1, 5.1, 5.1, 5.1, 5.1, 5.1, 5.1
parameter ends

state | action | reward
[0.04] | 0 | 1.0
0.03621028736233711 | 0 | 1.0
0.03225155919790268 | 0 | 1.0
0.02439241297543049 | 0 | 1.0
0.012631194666028023 | 0 | 1.0
-0.0030352205503731966 | 0 | 1.0
-0.022611048072576523 | 0 | 1.0
-0.046101026237010956 | 0 | 1.0
-0.0735095962882042 | 0 | 1.0
-0.10483983159065247 | 0 | 1.0
Total reward: 10.0
5.1, 5.1, 5.1, 5.1, 5.1, 5.1, 5.1, 5.1, 5.1, 5.1
parameter ends

state | action | reward
[-0.] | 0 | 1.0
-0.0038118320517241955 | 0 | 1.0
-0.007609358057379723 | 0 | 1.0
-0.015320781618356705 | 0 | 1.0
-0.026947207748889923 | 0 | 1.0
-0.042490940541028976 | 0 | 1.0
-0.06195506080985069 | 0 | 1.0
-0.08534278720617294 | 0 | 1.0
-0.11265653371810913 | 0 | 1.0
Total reward: 9.0
5.1, 5.1, 5.1, 5.1, 5.1, 5.1, 5.1, 5.1, 5.1, 5.1
parameter ends

state | action | reward
[-0.01] | 0 | 1.0
-0.005213186610490084 | 0 | 1.0
-0.008553711697459221 | 0 | 1.0
-0.015783319249749184 | 0 | 1.0
-0.02690407820045948 | 0 | 1.0
-0.04191968962550163 | 0 | 1.0
-0.06083515286445618 | 0 | 1.0
-0.08365624397993088 | 0 | 1.0
-0.11038882285356522 | 0 | 1.0
-0.14103782176971436 | 0 | 1.0
Total reward: 10.0
5.1, 5.1, 5.1, 5.1, 5.1, 5.1, 5.1, 5.1, 5.1, 5.1
parameter ends

state | action | reward
[0.02] | 0 | 1.0
0.022227739915251732 | 0 | 1.0
0.01746281608939171 | 0 | 1.0
0.008784987032413483 | 0 | 1.0
-0.0038069055881351233 | 0 | 1.0
-0.02031523361802101 | 0 | 1.0
-0.04074317589402199 | 0 | 1.0
-0.06509406864643097 | 0 | 1.0
-0.0933704823255539 | 0 | 1.0
Total reward: 9.0
5.1, 5.1, 5.1, 5.1, 5.1, 5.1, 5.1, 5.1, 5.1, 5.1
parameter ends

state | action | reward
[-0.03] | 0 | 1.0
-0.027680378407239914 | 0 | 1.0
-0.031071307137608528 | 0 | 1.0
-0.03837234154343605 | 0 | 1.0
-0.04958504065871239 | 0 | 1.0
-0.06471218168735504 | 0 | 1.0
-0.08375732600688934 | 0 | 1.0
-0.10672410577535629 | 0 | 1.0
-0.13361531496047974 | 0 | 1.0
Total reward: 9.0
5.1, 5.1, 5.1, 5.1, 5.1, 5.1, 5.1, 5.1, 5.1, 5.1
parameter ends

state | action | reward
[0.05] | 0 | 1.0
0.0482984259724617 | 0 | 1.0
0.04535331949591637 | 0 | 1.0
0.03851877897977829 | 0 | 1.0
0.02779274433851242 | 0 | 1.0
0.013171526603400707 | 0 | 1.0
-0.005349854938685894 | 0 | 1.0
-0.027777153998613358 | 0 | 1.0
-0.054116182029247284 | 0 | 1.0
-0.08437183499336243 | 0 | 1.0
Total reward: 10.0
5.1, 5.1, 5.1, 5.1, 5.1, 5.1, 5.1, 5.1, 5.1, 5.1
parameter ends

state | action | reward
[0.03] | 0 | 1.0
0.02824139967560768 | 0 | 1.0
0.023393763229250908 | 0 | 1.0
0.014644482173025608 | 0 | 1.0
0.001991648692637682 | 0 | 1.0
-0.014568035490810871 | 0 | 1.0
-0.03503884747624397 | 0 | 1.0
-0.05942542850971222 | 0 | 1.0
-0.08773190528154373 | 0 | 1.0
Total reward: 9.0
5.1, 5.1, 5.1, 5.1, 5.1, 5.1, 5.1, 5.1, 5.1, 5.1
parameter ends

state | action | reward
[-0.01] | 0 | 1.0
-0.005233651492744684 | 0 | 1.0
-0.009123624302446842 | 0 | 1.0
-0.016910552978515625 | 0 | 1.0
-0.028595974668860435 | 0 | 1.0
-0.04418298974633217 | 0 | 1.0
-0.06367591768503189 | 0 | 1.0
-0.08707977831363678 | 0 | 1.0
-0.11439953744411469 | 0 | 1.0
-0.14563912153244019 | 0 | 1.0
Total reward: 10.0
5.1, 5.1, 5.1, 5.1, 5.1, 5.1, 5.1, 5.1, 5.1, 5.1
parameter ends

state | action | reward
[-0.05] | 0 | 1.0
-0.04724951460957527 | 0 | 1.0
-0.05150889977812767 | 0 | 1.0
-0.059680670499801636 | 0 | 1.0
-0.07176637649536133 | 0 | 1.0
-0.08776870369911194 | 0 | 1.0
-0.10769102722406387 | 0 | 1.0
-0.13153666257858276 | 0 | 1.0
Total reward: 8.0
5.1, 5.1, 5.1, 5.1, 5.1, 5.1, 5.1, 5.1, 5.1, 5.1
parameter ends

state | action | reward
[0.02] | 0 | 1.0
0.01592928171157837 | 0 | 1.0
0.011671088635921478 | 0 | 1.0
0.0035189297050237656 | 0 | 1.0
-0.008529245853424072 | 0 | 1.0
-0.0244770310819149 | 0 | 1.0
-0.0443291962146759 | 0 | 1.0
-0.06809113174676895 | 0 | 1.0
-0.09576807171106339 | 0 | 1.0
-0.12736405432224274 | 0 | 1.0
Total reward: 10.0
5.1, 5.1, 5.1, 5.1, 5.1, 5.1, 5.1, 5.1, 5.1, 5.1
parameter ends

state | action | reward
[0.03] | 0 | 1.0
0.03295085206627846 | 0 | 1.0
0.028902359306812286 | 0 | 1.0
0.020964331924915314 | 0 | 1.0
0.009134611114859581 | 0 | 1.0
-0.006590568460524082 | 0 | 1.0
-0.026216236874461174 | 0 | 1.0
-0.049748171120882034 | 0 | 1.0
-0.07719215750694275 | 0 | 1.0
-0.10855299234390259 | 0 | 1.0
Total reward: 10.0
