5.2, 5.2, 5.2, 5.2, 5.2, 5.2, 5.2, 5.2, 5.2, 5.2
parameter ends

state | action | reward
[0.02] | 0 | 1.0
0.0161434318870306 | 0 | 1.0
0.012783629819750786 | 0 | 1.0
0.005513108801096678 | 0 | 1.0
-0.005669602192938328 | 0 | 1.0
-0.020767195150256157 | 0 | 1.0
-0.03978314250707626 | 0 | 1.0
-0.06272101402282715 | 0 | 1.0
-0.08958355337381363 | 0 | 1.0
Total reward: 9.0
5.2, 5.2, 5.2, 5.2, 5.2, 5.2, 5.2, 5.2, 5.2, 5.2
parameter ends

state | action | reward
[-0.03] | 0 | 1.0
-0.02891634777188301 | 0 | 1.0
-0.03230061009526253 | 0 | 1.0
-0.03959523141384125 | 0 | 1.0
-0.05080166086554527 | 0 | 1.0
-0.0659225806593895 | 0 | 1.0
-0.08496148139238358 | 0 | 1.0
-0.10792198032140732 | 0 | 1.0
-0.13480691611766815 | 0 | 1.0
Total reward: 9.0
5.2, 5.2, 5.2, 5.2, 5.2, 5.2, 5.2, 5.2, 5.2, 5.2
parameter ends

state | action | reward
[0.01] | 0 | 1.0
0.010218700394034386 | 0 | 1.0
0.0056157466024160385 | 0 | 1.0
-0.0028936925809830427 | 0 | 1.0
-0.015311310067772865 | 0 | 1.0
-0.031640101224184036 | 0 | 1.0
-0.05188393220305443 | 0 | 1.0
-0.076046884059906 | 0 | 1.0
-0.10413236916065216 | 0 | 1.0
Total reward: 9.0
5.2, 5.2, 5.2, 5.2, 5.2, 5.2, 5.2, 5.2, 5.2, 5.2
parameter ends

state | action | reward
[-0.04] | 0 | 1.0
-0.03466543182730675 | 0 | 1.0
-0.03758404031395912 | 0 | 1.0
-0.044397853314876556 | 0 | 1.0
-0.055108875036239624 | 0 | 1.0
-0.06972064077854156 | 0 | 1.0
-0.08823782950639725 | 0 | 1.0
-0.11066572368144989 | 0 | 1.0
-0.137009397149086 | 0 | 1.0
-0.1672726720571518 | 0 | 1.0
Total reward: 10.0
5.2, 5.2, 5.2, 5.2, 5.2, 5.2, 5.2, 5.2, 5.2, 5.2
parameter ends

state | action | reward
[0.01] | 0 | 1.0
0.004510518629103899 | 0 | 1.0
-0.00020637069246731699 | 0 | 1.0
-0.008821082301437855 | 0 | 1.0
-0.02133522927761078 | 0 | 1.0
-0.037751954048871994 | 0 | 1.0
-0.05807558447122574 | 0 | 1.0
-0.08231107890605927 | 0 | 1.0
-0.11046327650547028 | 0 | 1.0
-0.14253585040569305 | 0 | 1.0
Total reward: 10.0
5.2, 5.2, 5.2, 5.2, 5.2, 5.2, 5.2, 5.2, 5.2, 5.2
parameter ends

state | action | reward
[-0.03] | 0 | 1.0
-0.027334237471222878 | 0 | 1.0
-0.030257495120167732 | 0 | 1.0
-0.03708237037062645 | 0 | 1.0
-0.047810349613428116 | 0 | 1.0
-0.062444381415843964 | 0 | 1.0
-0.08098851144313812 | 0 | 1.0
-0.10344734787940979 | 0 | 1.0
-0.12982521951198578 | 0 | 1.0
-0.16012513637542725 | 0 | 1.0
Total reward: 10.0
5.2, 5.2, 5.2, 5.2, 5.2, 5.2, 5.2, 5.2, 5.2, 5.2
parameter ends

state | action | reward
[0.05] | 0 | 1.0
0.047570161521434784 | 0 | 1.0
0.04427333176136017 | 0 | 1.0
0.037062134593725204 | 0 | 1.0
0.025935105979442596 | 0 | 1.0
0.010889684781432152 | 0 | 1.0
-0.00807729922235012 | 0 | 1.0
-0.03096889518201351 | 0 | 1.0
Total reward: 8.0
5.2, 5.2, 5.2, 5.2, 5.2, 5.2, 5.2, 5.2, 5.2, 5.2
parameter ends

state | action | reward
[0.03] | 0 | 1.0
0.029538266360759735 | 0 | 1.0
0.02657480351626873 | 0 | 1.0
0.019705597311258316 | 0 | 1.0
0.008929034695029259 | 0 | 1.0
-0.00575783709064126 | 0 | 1.0
-0.024358898401260376 | 0 | 1.0
-0.04687832295894623 | 0 | 1.0
-0.07331971079111099 | 0 | 1.0
Total reward: 9.0
5.2, 5.2, 5.2, 5.2, 5.2, 5.2, 5.2, 5.2, 5.2, 5.2
parameter ends

state | action | reward
[-0.01] | 0 | 1.0
-0.009647664614021778 | 0 | 1.0
-0.013808458112180233 | 0 | 1.0
-0.021862981840968132 | 0 | 1.0
-0.03381277620792389 | 0 | 1.0
-0.049660999327898026 | 0 | 1.0
-0.06941211223602295 | 0 | 1.0
-0.09307137876749039 | 0 | 1.0
-0.12064418196678162 | 0 | 1.0
-0.15213502943515778 | 0 | 1.0
Total reward: 10.0
5.2, 5.2, 5.2, 5.2, 5.2, 5.2, 5.2, 5.2, 5.2, 5.2
parameter ends

state | action | reward
[0.03] | 0 | 1.0
0.03094814531505108 | 0 | 1.0
0.02629251405596733 | 0 | 1.0
0.017737165093421936 | 0 | 1.0
0.005280211102217436 | 0 | 1.0
-0.011081674136221409 | 0 | 1.0
-0.03135286644101143 | 0 | 1.0
-0.055538203567266464 | 0 | 1.0
-0.0836421400308609 | 0 | 1.0
-0.11566763371229172 | 0 | 1.0
Total reward: 10.0
5.2, 5.2, 5.2, 5.2, 5.2, 5.2, 5.2, 5.2, 5.2, 5.2
parameter ends

state | action | reward
[0.04] | 0 | 1.0
0.03568705543875694 | 0 | 1.0
0.03135340288281441 | 0 | 1.0
0.023115957155823708 | 0 | 1.0
0.010973002761602402 | 0 | 1.0
-0.005078538786619902 | 0 | 1.0
-0.025042716413736343 | 0 | 1.0
-0.04892392456531525 | 0 | 1.0
-0.0767260417342186 | 0 | 1.0
Total reward: 9.0
5.2, 5.2, 5.2, 5.2, 5.2, 5.2, 5.2, 5.2, 5.2, 5.2
parameter ends

state | action | reward
[-0.04] | 0 | 1.0
-0.038885340094566345 | 0 | 1.0
-0.04264964535832405 | 0 | 1.0
-0.05031397193670273 | 0 | 1.0
-0.06187998503446579 | 0 | 1.0
-0.07735081762075424 | 0 | 1.0
-0.09673070907592773 | 0 | 1.0
-0.1200244352221489 | 0 | 1.0
-0.14723649621009827 | 0 | 1.0
-0.17837005853652954 | 0 | 1.0
Total reward: 10.0
5.2, 5.2, 5.2, 5.2, 5.2, 5.2, 5.2, 5.2, 5.2, 5.2
parameter ends

state | action | reward
[-0.01] | 0 | 1.0
-0.009241060353815556 | 0 | 1.0
-0.0127406045794487 | 0 | 1.0
-0.020142072811722755 | 0 | 1.0
-0.0314471535384655 | 0 | 1.0
-0.046658955514431 | 0 | 1.0
-0.06578163057565689 | 0 | 1.0
-0.08881976455450058 | 0 | 1.0
-0.11577755957841873 | 0 | 1.0
Total reward: 9.0
5.2, 5.2, 5.2, 5.2, 5.2, 5.2, 5.2, 5.2, 5.2, 5.2
parameter ends

state | action | reward
[0.01] | 0 | 1.0
0.011817448772490025 | 0 | 1.0
0.00811530277132988 | 0 | 1.0
0.0005101735005155206 | 0 | 1.0
-0.010999677702784538 | 0 | 1.0
-0.026417380198836327 | 0 | 1.0
-0.045747045427560806 | 0 | 1.0
-0.06899315863847733 | 0 | 1.0
-0.09615971893072128 | 0 | 1.0
Total reward: 9.0
5.2, 5.2, 5.2, 5.2, 5.2, 5.2, 5.2, 5.2, 5.2, 5.2
parameter ends

state | action | reward
[-0.01] | 0 | 1.0
-0.011704418808221817 | 0 | 1.0
-0.014996476471424103 | 0 | 1.0
-0.022187907248735428 | 0 | 1.0
-0.0332806333899498 | 0 | 1.0
-0.04827802628278732 | 0 | 1.0
-0.06718450039625168 | 0 | 1.0
-0.09000493586063385 | 0 | 1.0
-0.11674381792545319 | 0 | 1.0
-0.14740414917469025 | 0 | 1.0
Total reward: 10.0
5.2, 5.2, 5.2, 5.2, 5.2, 5.2, 5.2, 5.2, 5.2, 5.2
parameter ends

state | action | reward
[-0.02] | 0 | 1.0
-0.023731190711259842 | 0 | 1.0
-0.02835582010447979 | 0 | 1.0
-0.036878179758787155 | 0 | 1.0
-0.04929972067475319 | 0 | 1.0
-0.0656234472990036 | 0 | 1.0
-0.08585358411073685 | 0 | 1.0
-0.10999505966901779 | 0 | 1.0
-0.1380527764558792 | 0 | 1.0
-0.17003056406974792 | 0 | 1.0
Total reward: 10.0
5.2, 5.2, 5.2, 5.2, 5.2, 5.2, 5.2, 5.2, 5.2, 5.2
parameter ends

state | action | reward
[0.02] | 0 | 1.0
0.021539438515901566 | 0 | 1.0
0.01758417673408985 | 0 | 1.0
0.009734701365232468 | 0 | 1.0
-0.0020105268340557814 | 0 | 1.0
-0.017654655501246452 | 0 | 1.0
-0.037202123552560806 | 0 | 1.0
-0.06065816059708595 | 0 | 1.0
-0.08802809566259384 | 0 | 1.0
-0.11931635439395905 | 0 | 1.0
Total reward: 10.0
5.2, 5.2, 5.2, 5.2, 5.2, 5.2, 5.2, 5.2, 5.2, 5.2
parameter ends

state | action | reward
[0.04] | 0 | 1.0
0.03559122234582901 | 0 | 1.0
0.031481605023145676 | 0 | 1.0
0.02348192408680916 | 0 | 1.0
0.011590289883315563 | 0 | 1.0
-0.004196824971586466 | 0 | 1.0
-0.023884259164333344 | 0 | 1.0
-0.04747766628861427 | 0 | 1.0
-0.07498280704021454 | 0 | 1.0
-0.10640458762645721 | 0 | 1.0
Total reward: 10.0
5.2, 5.2, 5.2, 5.2, 5.2, 5.2, 5.2, 5.2, 5.2, 5.2
parameter ends

state | action | reward
[-0.04] | 0 | 1.0
-0.04287170618772507 | 0 | 1.0
-0.047449465841054916 | 0 | 1.0
-0.05592124164104462 | 0 | 1.0
-0.06828863173723221 | 0 | 1.0
-0.08455484360456467 | 0 | 1.0
-0.10472435504198074 | 0 | 1.0
-0.12880244851112366 | 0 | 1.0
-0.1567944437265396 | 0 | 1.0
-0.18870475888252258 | 0 | 1.0
Total reward: 10.0
5.2, 5.2, 5.2, 5.2, 5.2, 5.2, 5.2, 5.2, 5.2, 5.2
parameter ends

state | action | reward
[-0.03] | 0 | 1.0
-0.029804162681102753 | 0 | 1.0
-0.034105587750673294 | 0 | 1.0
-0.042314860969781876 | 0 | 1.0
-0.054433610290288925 | 0 | 1.0
-0.07046473026275635 | 0 | 1.0
-0.0904119685292244 | 0 | 1.0
-0.11427924036979675 | 0 | 1.0
-0.1420697420835495 | 0 | 1.0
Total reward: 9.0
