5.3, 5.3, 5.3, 5.3, 5.3, 5.3, 5.3, 5.3, 5.3, 5.3
parameter ends

state | action | reward
[-0.04] | 0 | 1.0
-0.03630068525671959 | 0 | 1.0
-0.03932426869869232 | 0 | 1.0
-0.04624069854617119 | 0 | 1.0
-0.057051945477724075 | 0 | 1.0
-0.07176154106855392 | 0 | 1.0
-0.09037426114082336 | 0 | 1.0
-0.11289555579423904 | 0 | 1.0
-0.13933084905147552 | 0 | 1.0
-0.16968445479869843 | 0 | 1.0
Total reward: 10.0
5.3, 5.3, 5.3, 5.3, 5.3, 5.3, 5.3, 5.3, 5.3, 5.3
parameter ends

state | action | reward
[-0.03] | 0 | 1.0
-0.03549916297197342 | 0 | 1.0
-0.04010114446282387 | 0 | 1.0
-0.04860593378543854 | 0 | 1.0
-0.061015136539936066 | 0 | 1.0
-0.0773317813873291 | 0 | 1.0
-0.09755992889404297 | 0 | 1.0
-0.12170406430959702 | 0 | 1.0
-0.14976827800273895 | 0 | 1.0
Total reward: 9.0
5.3, 5.3, 5.3, 5.3, 5.3, 5.3, 5.3, 5.3, 5.3, 5.3
parameter ends

state | action | reward
[0.] | 0 | 1.0
0.0014258816372603178 | 0 | 1.0
-0.003221617080271244 | 0 | 1.0
-0.011774367652833462 | 0 | 1.0
-0.024234049022197723 | 0 | 1.0
-0.04060367867350578 | 0 | 1.0
-0.06088719889521599 | 0 | 1.0
-0.08508884161710739 | 0 | 1.0
-0.11321224272251129 | 0 | 1.0
Total reward: 9.0
5.3, 5.3, 5.3, 5.3, 5.3, 5.3, 5.3, 5.3, 5.3, 5.3
parameter ends

state | action | reward
[-0.] | 0 | 1.0
-0.0016443624626845121 | 0 | 1.0
-0.0064293197356164455 | 0 | 1.0
-0.015121005475521088 | 0 | 1.0
-0.027721114456653595 | 0 | 1.0
-0.04423263669013977 | 0 | 1.0
-0.06465942412614822 | 0 | 1.0
-0.08900552242994308 | 0 | 1.0
-0.11727430671453476 | 0 | 1.0
Total reward: 9.0
5.3, 5.3, 5.3, 5.3, 5.3, 5.3, 5.3, 5.3, 5.3, 5.3
parameter ends

state | action | reward
[0.] | 0 | 1.0
0.0008404922555200756 | 0 | 1.0
-0.004059134051203728 | 0 | 1.0
-0.012869343161582947 | 0 | 1.0
-0.025591501966118813 | 0 | 1.0
-0.042228229343891144 | 0 | 1.0
-0.06278295814990997 | 0 | 1.0
-0.08725929260253906 | 0 | 1.0
-0.11566009372472763 | 0 | 1.0
Total reward: 9.0
5.3, 5.3, 5.3, 5.3, 5.3, 5.3, 5.3, 5.3, 5.3, 5.3
parameter ends

state | action | reward
[-0.05] | 0 | 1.0
-0.04985187575221062 | 0 | 1.0
-0.05441555380821228 | 0 | 1.0
-0.06288313120603561 | 0 | 1.0
-0.07525637000799179 | 0 | 1.0
-0.09153839945793152 | 0 | 1.0
-0.11173328012228012 | 0 | 1.0
-0.13584540784358978 | 0 | 1.0
-0.16387861967086792 | 0 | 1.0
Total reward: 9.0
5.3, 5.3, 5.3, 5.3, 5.3, 5.3, 5.3, 5.3, 5.3, 5.3
parameter ends

state | action | reward
[0.02] | 0 | 1.0
0.024390485137701035 | 0 | 1.0
0.021294398233294487 | 0 | 1.0
0.014298313297331333 | 0 | 1.0
0.0034005476627498865 | 0 | 1.0
-0.01140205655246973 | 0 | 1.0
-0.03011375293135643 | 0 | 1.0
-0.05273932218551636 | 0 | 1.0
-0.07928325980901718 | 0 | 1.0
-0.10974869877099991 | 0 | 1.0
Total reward: 10.0
5.3, 5.3, 5.3, 5.3, 5.3, 5.3, 5.3, 5.3, 5.3, 5.3
parameter ends

state | action | reward
[0.] | 0 | 1.0
0.0039040977135300636 | 0 | 1.0
-0.00033893127692863345 | 0 | 1.0
-0.008485079742968082 | 0 | 1.0
-0.020536135882139206 | 0 | 1.0
-0.03649526461958885 | 0 | 1.0
-0.05636659264564514 | 0 | 1.0
-0.08015459775924683 | 0 | 1.0
-0.10786321759223938 | 0 | 1.0
Total reward: 9.0
5.3, 5.3, 5.3, 5.3, 5.3, 5.3, 5.3, 5.3, 5.3, 5.3
parameter ends

state | action | reward
[0.02] | 0 | 1.0
0.022859729826450348 | 0 | 1.0
0.0198239516466856 | 0 | 1.0
0.01289171539247036 | 0 | 1.0
0.002061066683381796 | 0 | 1.0
-0.012671456672251225 | 0 | 1.0
-0.031310442835092545 | 0 | 1.0
-0.05386104807257652 | 0 | 1.0
-0.08032818883657455 | 0 | 1.0
-0.11071547865867615 | 0 | 1.0
Total reward: 10.0
5.3, 5.3, 5.3, 5.3, 5.3, 5.3, 5.3, 5.3, 5.3, 5.3
parameter ends

state | action | reward
[-0.02] | 0 | 1.0
-0.018544131889939308 | 0 | 1.0
-0.022557195276021957 | 0 | 1.0
-0.030476564541459084 | 0 | 1.0
-0.04230382293462753 | 0 | 1.0
-0.05804189294576645 | 0 | 1.0
-0.0776945948600769 | 0 | 1.0
-0.101266048848629 | 0 | 1.0
-0.12875975668430328 | 0 | 1.0
Total reward: 9.0
5.3, 5.3, 5.3, 5.3, 5.3, 5.3, 5.3, 5.3, 5.3, 5.3
parameter ends

state | action | reward
[0.02] | 0 | 1.0
0.01883332058787346 | 0 | 1.0
0.015615277923643589 | 0 | 1.0
0.008482715114951134 | 0 | 1.0
-0.0025654477067291737 | 0 | 1.0
-0.01753147505223751 | 0 | 1.0
-0.03641838952898979 | 0 | 1.0
-0.059229329228401184 | 0 | 1.0
Total reward: 8.0
5.3, 5.3, 5.3, 5.3, 5.3, 5.3, 5.3, 5.3, 5.3, 5.3
parameter ends

state | action | reward
[0.03] | 0 | 1.0
0.026158418506383896 | 0 | 1.0
0.02152380160987377 | 0 | 1.0
0.012994063086807728 | 0 | 1.0
0.0005675574066117406 | 0 | 1.0
-0.015758933499455452 | 0 | 1.0
-0.035989876836538315 | 0 | 1.0
-0.060130465775728226 | 0 | 1.0
-0.0881858840584755 | 0 | 1.0
-0.12016031891107559 | 0 | 1.0
Total reward: 10.0
5.3, 5.3, 5.3, 5.3, 5.3, 5.3, 5.3, 5.3, 5.3, 5.3
parameter ends

state | action | reward
[0.] | 0 | 1.0
0.004280151799321175 | 0 | 1.0
0.00010530894360272214 | 0 | 1.0
-0.007970798760652542 | 0 | 1.0
-0.01994974911212921 | 0 | 1.0
-0.035834576934576035 | 0 | 1.0
-0.055629413574934006 | 0 | 1.0
-0.07933889329433441 | 0 | 1.0
-0.10696738213300705 | 0 | 1.0
-0.138517826795578 | 0 | 1.0
Total reward: 10.0
5.3, 5.3, 5.3, 5.3, 5.3, 5.3, 5.3, 5.3, 5.3, 5.3
parameter ends

state | action | reward
[-0.03] | 0 | 1.0
-0.030991988256573677 | 0 | 1.0
-0.035309575498104095 | 0 | 1.0
-0.04353226721286774 | 0 | 1.0
-0.05566185712814331 | 0 | 1.0
-0.07170145958662033 | 0 | 1.0
-0.09165508300065994 | 0 | 1.0
-0.11552697420120239 | 0 | 1.0
-0.1433207243680954 | 0 | 1.0
Total reward: 9.0
5.3, 5.3, 5.3, 5.3, 5.3, 5.3, 5.3, 5.3, 5.3, 5.3
parameter ends

state | action | reward
[-0.04] | 0 | 1.0
-0.041255444288253784 | 0 | 1.0
-0.0451001413166523 | 0 | 1.0
-0.05284101143479347 | 0 | 1.0
-0.06447972357273102 | 0 | 1.0
-0.0800194963812828 | 0 | 1.0
-0.09946475923061371 | 0 | 1.0
-0.12282063066959381 | 0 | 1.0
-0.15009215474128723 | 0 | 1.0
-0.18128328025341034 | 0 | 1.0
Total reward: 10.0
5.3, 5.3, 5.3, 5.3, 5.3, 5.3, 5.3, 5.3, 5.3, 5.3
parameter ends

state | action | reward
[0.02] | 0 | 1.0
0.0191799309104681 | 0 | 1.0
0.014869886450469494 | 0 | 1.0
0.006647813133895397 | 0 | 1.0
-0.005487819202244282 | 0 | 1.0
-0.021539703011512756 | 0 | 1.0
-0.04151122272014618 | 0 | 1.0
-0.06540576368570328 | 0 | 1.0
Total reward: 8.0
5.3, 5.3, 5.3, 5.3, 5.3, 5.3, 5.3, 5.3, 5.3, 5.3
parameter ends

state | action | reward
[0.] | 0 | 1.0
0.002705599879845977 | 0 | 1.0
-0.0006792424828745425 | 0 | 1.0
-0.007958069443702698 | 0 | 1.0
-0.019132966175675392 | 0 | 1.0
-0.034207552671432495 | 0 | 1.0
-0.05318661406636238 | 0 | 1.0
-0.07607554644346237 | 0 | 1.0
-0.1028795838356018 | 0 | 1.0
-0.13360272347927094 | 0 | 1.0
Total reward: 10.0
5.3, 5.3, 5.3, 5.3, 5.3, 5.3, 5.3, 5.3, 5.3, 5.3
parameter ends

state | action | reward
[0.01] | 0 | 1.0
0.013880126178264618 | 0 | 1.0
0.010471904650330544 | 0 | 1.0
0.0031496041920036077 | 0 | 1.0
-0.008088028989732265 | 0 | 1.0
-0.023243408650159836 | 0 | 1.0
-0.042319659143686295 | 0 | 1.0
-0.06531993299722672 | 0 | 1.0
Total reward: 8.0
5.3, 5.3, 5.3, 5.3, 5.3, 5.3, 5.3, 5.3, 5.3, 5.3
parameter ends

state | action | reward
[-0.03] | 0 | 1.0
-0.0343240350484848 | 0 | 1.0
-0.038056474179029465 | 0 | 1.0
-0.0457046814262867 | 0 | 1.0
-0.05727003887295723 | 0 | 1.0
-0.07275500893592834 | 0 | 1.0
-0.0921625941991806 | 0 | 1.0
-0.11549566686153412 | 0 | 1.0
Total reward: 8.0
5.3, 5.3, 5.3, 5.3, 5.3, 5.3, 5.3, 5.3, 5.3, 5.3
parameter ends

state | action | reward
[0.04] | 0 | 1.0
0.0450596883893013 | 0 | 1.0
0.041935693472623825 | 0 | 1.0
0.034900907427072525 | 0 | 1.0
0.023954002186655998 | 0 | 1.0
0.009092403575778008 | 0 | 1.0
-0.009687287732958794 | 0 | 1.0
-0.032388657331466675 | 0 | 1.0
-0.059014562517404556 | 0 | 1.0
Total reward: 9.0
