5.3, 5.3, 5.3, 5.3, 5.3, 5.3, 5.3, 5.3, 5.3, 5.3
parameter ends

state | action | reward
[-0.01] | 0 | 1.0
-0.004955729935318232 | 0 | 1.0
-0.00826320145279169 | 0 | 1.0
-0.015470607206225395 | 0 | 1.0
-0.0265794787555933 | 0 | 1.0
-0.04159284383058548 | 0 | 1.0
-0.060514871031045914 | 0 | 1.0
-0.08335032314062119 | 0 | 1.0
-0.11010375618934631 | 0 | 1.0
-0.14077849686145782 | 0 | 1.0
Total reward: 10.0
5.3, 5.3, 5.3, 5.3, 5.3, 5.3, 5.3, 5.3, 5.3, 5.3
parameter ends

state | action | reward
[-0.04] | 0 | 1.0
-0.036497049033641815 | 0 | 1.0
-0.04025764390826225 | 0 | 1.0
-0.04791497066617012 | 0 | 1.0
-0.059470780193805695 | 0 | 1.0
-0.07492835074663162 | 0 | 1.0
-0.09429213404655457 | 0 | 1.0
-0.11756722629070282 | 0 | 1.0
-0.14475856721401215 | 0 | 1.0
-0.1758699268102646 | 0 | 1.0
Total reward: 10.0
5.3, 5.3, 5.3, 5.3, 5.3, 5.3, 5.3, 5.3, 5.3, 5.3
parameter ends

state | action | reward
[-0.01] | 0 | 1.0
-0.005189281422644854 | 0 | 1.0
-0.00828622467815876 | 0 | 1.0
-0.01527304109185934 | 0 | 1.0
-0.026151563972234726 | 0 | 1.0
-0.0409252755343914 | 0 | 1.0
-0.05959898978471756 | 0 | 1.0
-0.08217835426330566 | 0 | 1.0
-0.10866915434598923 | 0 | 1.0
-0.139076367020607 | 0 | 1.0
Total reward: 10.0
5.3, 5.3, 5.3, 5.3, 5.3, 5.3, 5.3, 5.3, 5.3, 5.3
parameter ends

state | action | reward
[-0.05] | 0 | 1.0
-0.04544354975223541 | 0 | 1.0
-0.04935559257864952 | 0 | 1.0
-0.057155828922986984 | 0 | 1.0
-0.06884586811065674 | 0 | 1.0
-0.08442899584770203 | 0 | 1.0
-0.1039099395275116 | 0 | 1.0
-0.1272943764925003 | 0 | 1.0
-0.1545882672071457 | 0 | 1.0
-0.18579703569412231 | 0 | 1.0
-0.22092430293560028 | 0 | 1.0
Total reward: 11.0
5.3, 5.3, 5.3, 5.3, 5.3, 5.3, 5.3, 5.3, 5.3, 5.3
parameter ends

state | action | reward
[-0.01] | 0 | 1.0
-0.00535458093509078 | 0 | 1.0
-0.008919295854866505 | 0 | 1.0
-0.016386890783905983 | 0 | 1.0
-0.0277592483907938 | 0 | 1.0
-0.04303961247205734 | 0 | 1.0
-0.06223217025399208 | 0 | 1.0
-0.0853414312005043 | 0 | 1.0
-0.11237131804227829 | 0 | 1.0
Total reward: 9.0
5.3, 5.3, 5.3, 5.3, 5.3, 5.3, 5.3, 5.3, 5.3, 5.3
parameter ends

state | action | reward
[0.02] | 0 | 1.0
0.016937023028731346 | 0 | 1.0
0.013479815796017647 | 0 | 1.0
0.006117226090282202 | 0 | 1.0
-0.005152265075594187 | 0 | 1.0
-0.020331544801592827 | 0 | 1.0
-0.03942446410655975 | 0 | 1.0
-0.06243524327874184 | 0 | 1.0
-0.08936759829521179 | 0 | 1.0
Total reward: 9.0
5.3, 5.3, 5.3, 5.3, 5.3, 5.3, 5.3, 5.3, 5.3, 5.3
parameter ends

state | action | reward
[-0.01] | 0 | 1.0
-0.005928178317844868 | 0 | 1.0
-0.01002380158752203 | 0 | 1.0
-0.01800786331295967 | 0 | 1.0
-0.02988211065530777 | 0 | 1.0
-0.04564996436238289 | 0 | 1.0
-0.06531622260808945 | 0 | 1.0
-0.08888661116361618 | 0 | 1.0
-0.11636707931756973 | 0 | 1.0
-0.14776289463043213 | 0 | 1.0
-0.18307746946811676 | 0 | 1.0
Total reward: 11.0
5.3, 5.3, 5.3, 5.3, 5.3, 5.3, 5.3, 5.3, 5.3, 5.3
parameter ends

state | action | reward
[-0.03] | 0 | 1.0
-0.03124224953353405 | 0 | 1.0
-0.034651946276426315 | 0 | 1.0
-0.041959770023822784 | 0 | 1.0
-0.05316736176609993 | 0 | 1.0
-0.06827787309885025 | 0 | 1.0
-0.08729564398527145 | 0 | 1.0
-0.11022559553384781 | 0 | 1.0
-0.13707253336906433 | 0 | 1.0
-0.16784001886844635 | 0 | 1.0
Total reward: 10.0
5.3, 5.3, 5.3, 5.3, 5.3, 5.3, 5.3, 5.3, 5.3, 5.3
parameter ends

state | action | reward
[-0.04] | 0 | 1.0
-0.04357790946960449 | 0 | 1.0
-0.047364525496959686 | 0 | 1.0
-0.055048756301403046 | 0 | 1.0
-0.06663209944963455 | 0 | 1.0
-0.08211760222911835 | 0 | 1.0
-0.10150952637195587 | 0 | 1.0
-0.12481281906366348 | 0 | 1.0
-0.15203237533569336 | 0 | 1.0
-0.1831720471382141 | 0 | 1.0
Total reward: 10.0
5.3, 5.3, 5.3, 5.3, 5.3, 5.3, 5.3, 5.3, 5.3, 5.3
parameter ends

state | action | reward
[0.05] | 0 | 1.0
0.04899759218096733 | 0 | 1.0
0.04424513876438141 | 0 | 1.0
0.035588543862104416 | 0 | 1.0
0.02302621304988861 | 0 | 1.0
0.00655518239364028 | 0 | 1.0
-0.013828516006469727 | 0 | 1.0
-0.038129232823848724 | 0 | 1.0
-0.06635085493326187 | 0 | 1.0
Total reward: 9.0
5.3, 5.3, 5.3, 5.3, 5.3, 5.3, 5.3, 5.3, 5.3, 5.3
parameter ends

state | action | reward
[0.04] | 0 | 1.0
0.040373560041189194 | 0 | 1.0
0.03683100640773773 | 0 | 1.0
0.029397854581475258 | 0 | 1.0
0.018072113394737244 | 0 | 1.0
0.0028501739725470543 | 0 | 1.0
-0.01627284288406372 | 0 | 1.0
-0.039302580058574677 | 0 | 1.0
-0.06624472886323929 | 0 | 1.0
-0.097104012966156 | 0 | 1.0
Total reward: 10.0
5.3, 5.3, 5.3, 5.3, 5.3, 5.3, 5.3, 5.3, 5.3, 5.3
parameter ends

state | action | reward
[0.] | 0 | 1.0
0.001680479384958744 | 0 | 1.0
-0.0026157160755246878 | 0 | 1.0
-0.010800322517752647 | 0 | 1.0
-0.022875318303704262 | 0 | 1.0
-0.038844335824251175 | 0 | 1.0
-0.05871234089136124 | 0 | 1.0
-0.0824851244688034 | 0 | 1.0
-0.11016863584518433 | 0 | 1.0
-0.14176800847053528 | 0 | 1.0
Total reward: 10.0
5.3, 5.3, 5.3, 5.3, 5.3, 5.3, 5.3, 5.3, 5.3, 5.3
parameter ends

state | action | reward
[-0.01] | 0 | 1.0
-0.010439683683216572 | 0 | 1.0
-0.014771852642297745 | 0 | 1.0
-0.023004520684480667 | 0 | 1.0
-0.035139456391334534 | 0 | 1.0
-0.05117987468838692 | 0 | 1.0
-0.07113005220890045 | 0 | 1.0
-0.09499472379684448 | 0 | 1.0
-0.1227782815694809 | 0 | 1.0
Total reward: 9.0
5.3, 5.3, 5.3, 5.3, 5.3, 5.3, 5.3, 5.3, 5.3, 5.3
parameter ends

state | action | reward
[0.] | 0 | 1.0
0.003962910734117031 | 0 | 1.0
-0.0003127743839286268 | 0 | 1.0
-0.008496728725731373 | 0 | 1.0
-0.0205904059112072 | 0 | 1.0
-0.03659655526280403 | 0 | 1.0
-0.05651881545782089 | 0 | 1.0
-0.08036107569932938 | 0 | 1.0
-0.10812656581401825 | 0 | 1.0
Total reward: 9.0
5.3, 5.3, 5.3, 5.3, 5.3, 5.3, 5.3, 5.3, 5.3, 5.3
parameter ends

state | action | reward
[0.04] | 0 | 1.0
0.041463982313871384 | 0 | 1.0
0.03685572370886803 | 0 | 1.0
0.028331931680440903 | 0 | 1.0
0.01589154824614525 | 0 | 1.0
-0.0004676446260418743 | 0 | 1.0
-0.02074858546257019 | 0 | 1.0
-0.04495427384972572 | 0 | 1.0
Total reward: 8.0
5.3, 5.3, 5.3, 5.3, 5.3, 5.3, 5.3, 5.3, 5.3, 5.3
parameter ends

state | action | reward
[-0.02] | 0 | 1.0
-0.02166215516626835 | 0 | 1.0
-0.02591492235660553 | 0 | 1.0
-0.03406538441777229 | 0 | 1.0
-0.04611527919769287 | 0 | 1.0
-0.06206785514950752 | 0 | 1.0
-0.08192750811576843 | 0 | 1.0
-0.10569924116134644 | 0 | 1.0
-0.13338787853717804 | 0 | 1.0
-0.16499698162078857 | 0 | 1.0
Total reward: 10.0
5.3, 5.3, 5.3, 5.3, 5.3, 5.3, 5.3, 5.3, 5.3, 5.3
parameter ends

state | action | reward
[0.04] | 0 | 1.0
0.0403955839574337 | 0 | 1.0
0.03680887445807457 | 0 | 1.0
0.029312849044799805 | 0 | 1.0
0.017905978485941887 | 0 | 1.0
0.0025854860432446003 | 0 | 1.0
-0.016652224585413933 | 0 | 1.0
-0.0398109033703804 | 0 | 1.0
-0.06689353287220001 | 0 | 1.0
Total reward: 9.0
5.3, 5.3, 5.3, 5.3, 5.3, 5.3, 5.3, 5.3, 5.3, 5.3
parameter ends

state | action | reward
[-0.] | 0 | 1.0
-0.0021775539498776197 | 0 | 1.0
-0.005285576917231083 | 0 | 1.0
-0.01230394747108221 | 0 | 1.0
-0.023234287276864052 | 0 | 1.0
-0.03807941451668739 | 0 | 1.0
-0.05684288591146469 | 0 | 1.0
-0.07952830195426941 | 0 | 1.0
-0.10613833367824554 | 0 | 1.0
Total reward: 9.0
5.3, 5.3, 5.3, 5.3, 5.3, 5.3, 5.3, 5.3, 5.3, 5.3
parameter ends

state | action | reward
[0.05] | 0 | 1.0
0.049261633306741714 | 0 | 1.0
0.04475129768252373 | 0 | 1.0
0.036336082965135574 | 0 | 1.0
0.024014364928007126 | 0 | 1.0
0.007783149369060993 | 0 | 1.0
-0.012361506000161171 | 0 | 1.0
-0.036423876881599426 | 0 | 1.0
-0.06440769135951996 | 0 | 1.0
Total reward: 9.0
5.3, 5.3, 5.3, 5.3, 5.3, 5.3, 5.3, 5.3, 5.3, 5.3
parameter ends

state | action | reward
[-0.03] | 0 | 1.0
-0.0298556387424469 | 0 | 1.0
-0.033030759543180466 | 0 | 1.0
-0.040097594261169434 | 0 | 1.0
-0.051058199256658554 | 0 | 1.0
-0.06591620296239853 | 0 | 1.0
-0.08467647433280945 | 0 | 1.0
-0.10734459012746811 | 0 | 1.0
-0.13392609357833862 | 0 | 1.0
-0.16442544758319855 | 0 | 1.0
Total reward: 10.0
