5.1, 5.1, 5.1, 5.1, 5.1, 5.1, 5.1, 5.1, 5.1, 5.1
parameter ends

state | action | reward
[0.03] | 0 | 1.0
0.031742438673973083 | 0 | 1.0
0.028155246749520302 | 0 | 1.0
0.020661896094679832 | 0 | 1.0
0.009260888211429119 | 0 | 1.0
-0.006050620228052139 | 0 | 1.0
-0.0252764243632555 | 0 | 1.0
-0.048420652747154236 | 0 | 1.0
-0.07548689842224121 | 0 | 1.0
Total reward: 9.0
5.1, 5.1, 5.1, 5.1, 5.1, 5.1, 5.1, 5.1, 5.1, 5.1
parameter ends

state | action | reward
[-0.02] | 0 | 1.0
-0.017896607518196106 | 0 | 1.0
-0.021722685545682907 | 0 | 1.0
-0.02943878248333931 | 0 | 1.0
-0.041046638041734695 | 0 | 1.0
-0.05654965341091156 | 0 | 1.0
-0.07595256716012955 | 0 | 1.0
-0.09926099330186844 | 0 | 1.0
-0.12648071348667145 | 0 | 1.0
-0.1576167345046997 | 0 | 1.0
Total reward: 10.0
5.1, 5.1, 5.1, 5.1, 5.1, 5.1, 5.1, 5.1, 5.1, 5.1
parameter ends

state | action | reward
[-0.05] | 0 | 1.0
-0.048967693001031876 | 0 | 1.0
-0.05262187868356705 | 0 | 1.0
-0.06017502769827843 | 0 | 1.0
-0.07162906974554062 | 0 | 1.0
-0.08698736876249313 | 0 | 1.0
-0.10625438392162323 | 0 | 1.0
-0.12943501770496368 | 0 | 1.0
-0.15653382241725922 | 0 | 1.0
-0.18755389750003815 | 0 | 1.0
Total reward: 10.0
5.1, 5.1, 5.1, 5.1, 5.1, 5.1, 5.1, 5.1, 5.1, 5.1
parameter ends

state | action | reward
[0.02] | 0 | 1.0
0.022111522033810616 | 0 | 1.0
0.018305042758584023 | 0 | 1.0
0.01060709822922945 | 0 | 1.0
-0.0009839844424277544 | 0 | 1.0
-0.016471518203616142 | 0 | 1.0
-0.03586014360189438 | 0 | 1.0
-0.05915534123778343 | 0 | 1.0
-0.08636273443698883 | 0 | 1.0
-0.11748713999986649 | 0 | 1.0
Total reward: 10.0
5.1, 5.1, 5.1, 5.1, 5.1, 5.1, 5.1, 5.1, 5.1, 5.1
parameter ends

state | action | reward
[-0.03] | 0 | 1.0
-0.02594570629298687 | 0 | 1.0
-0.03040207549929619 | 0 | 1.0
-0.03877144306898117 | 0 | 1.0
-0.05105506256222725 | 0 | 1.0
-0.06725537776947021 | 0 | 1.0
-0.08737559616565704 | 0 | 1.0
-0.11141902208328247 | 0 | 1.0
-0.13938812911510468 | 0 | 1.0
Total reward: 9.0
5.1, 5.1, 5.1, 5.1, 5.1, 5.1, 5.1, 5.1, 5.1, 5.1
parameter ends

state | action | reward
[-0.03] | 0 | 1.0
-0.02414689213037491 | 0 | 1.0
-0.027158133685588837 | 0 | 1.0
-0.034069184213876724 | 0 | 1.0
-0.044881463050842285 | 0 | 1.0
-0.05959789454936981 | 0 | 1.0
-0.0782225951552391 | 0 | 1.0
-0.10076030343770981 | 0 | 1.0
-0.1272156536579132 | 0 | 1.0
-0.15759208798408508 | 0 | 1.0
Total reward: 10.0
5.1, 5.1, 5.1, 5.1, 5.1, 5.1, 5.1, 5.1, 5.1, 5.1
parameter ends

state | action | reward
[0.01] | 0 | 1.0
0.01473049446940422 | 0 | 1.0
0.010900301858782768 | 0 | 1.0
0.0031817073468118906 | 0 | 1.0
-0.008427190594375134 | 0 | 1.0
-0.023929955437779427 | 0 | 1.0
-0.04333149641752243 | 0 | 1.0
-0.06663758307695389 | 0 | 1.0
-0.09385417401790619 | 0 | 1.0
-0.1249864473938942 | 0 | 1.0
Total reward: 10.0
5.1, 5.1, 5.1, 5.1, 5.1, 5.1, 5.1, 5.1, 5.1, 5.1
parameter ends

state | action | reward
[0.01] | 0 | 1.0
0.011619015596807003 | 0 | 1.0
0.007859595119953156 | 0 | 1.0
0.00019914715085178614 | 0 | 1.0
-0.011363934725522995 | 0 | 1.0
-0.026832718402147293 | 0 | 1.0
-0.0462113581597805 | 0 | 1.0
-0.0695045217871666 | 0 | 1.0
-0.09671659022569656 | 0 | 1.0
-0.12785054743289948 | 0 | 1.0
Total reward: 10.0
5.1, 5.1, 5.1, 5.1, 5.1, 5.1, 5.1, 5.1, 5.1, 5.1
parameter ends

state | action | reward
[0.02] | 0 | 1.0
0.023501383140683174 | 0 | 1.0
0.01941230334341526 | 0 | 1.0
0.011418289504945278 | 0 | 1.0
-0.0004824481438845396 | 0 | 1.0
-0.016293028369545937 | 0 | 1.0
-0.036017466336488724 | 0 | 1.0
-0.05966002866625786 | 0 | 1.0
-0.0872243344783783 | 0 | 1.0
Total reward: 9.0
5.1, 5.1, 5.1, 5.1, 5.1, 5.1, 5.1, 5.1, 5.1, 5.1
parameter ends

state | action | reward
[0.02] | 0 | 1.0
0.01769208163022995 | 0 | 1.0
0.014588535763323307 | 0 | 1.0
0.0075837248004972935 | 0 | 1.0
-0.003323844401165843 | 0 | 1.0
-0.018137138336896896 | 0 | 1.0
-0.036860235035419464 | 0 | 1.0
-0.059497762471437454 | 0 | 1.0
-0.08605410903692245 | 0 | 1.0
-0.1165323406457901 | 0 | 1.0
Total reward: 10.0
5.1, 5.1, 5.1, 5.1, 5.1, 5.1, 5.1, 5.1, 5.1, 5.1
parameter ends

state | action | reward
[0.02] | 0 | 1.0
0.02413059026002884 | 0 | 1.0
0.0208672396838665 | 0 | 1.0
0.013689698651432991 | 0 | 1.0
0.0025966507382690907 | 0 | 1.0
-0.012414357624948025 | 0 | 1.0
-0.03134646266698837 | 0 | 1.0
-0.054202787578105927 | 0 | 1.0
Total reward: 8.0
5.1, 5.1, 5.1, 5.1, 5.1, 5.1, 5.1, 5.1, 5.1, 5.1
parameter ends

state | action | reward
[0.03] | 0 | 1.0
0.026474332436919212 | 0 | 1.0
0.023035287857055664 | 0 | 1.0
0.015698853880167007 | 0 | 1.0
0.004463283810764551 | 0 | 1.0
-0.01067468710243702 | 0 | 1.0
-0.029719483107328415 | 0 | 1.0
-0.05267613008618355 | 0 | 1.0
-0.07954948395490646 | 0 | 1.0
-0.11034318059682846 | 0 | 1.0
Total reward: 10.0
5.1, 5.1, 5.1, 5.1, 5.1, 5.1, 5.1, 5.1, 5.1, 5.1
parameter ends

state | action | reward
[-0.01] | 0 | 1.0
-0.011181449517607689 | 0 | 1.0
-0.014226232655346394 | 0 | 1.0
-0.021160945296287537 | 0 | 1.0
-0.03198731690645218 | 0 | 1.0
-0.04670873284339905 | 0 | 1.0
-0.06532993167638779 | 0 | 1.0
-0.08785650879144669 | 0 | 1.0
-0.11429427564144135 | 0 | 1.0
-0.1446482539176941 | 0 | 1.0
Total reward: 10.0
5.1, 5.1, 5.1, 5.1, 5.1, 5.1, 5.1, 5.1, 5.1, 5.1
parameter ends

state | action | reward
[0.02] | 0 | 1.0
0.02247852087020874 | 0 | 1.0
0.018382426351308823 | 0 | 1.0
0.010382860898971558 | 0 | 1.0
-0.0015217571053653955 | 0 | 1.0
-0.017334414646029472 | 0 | 1.0
-0.03705911338329315 | 0 | 1.0
-0.060700275003910065 | 0 | 1.0
-0.08826190233230591 | 0 | 1.0
Total reward: 9.0
5.1, 5.1, 5.1, 5.1, 5.1, 5.1, 5.1, 5.1, 5.1, 5.1
parameter ends

state | action | reward
[0.01] | 0 | 1.0
0.00864621065557003 | 0 | 1.0
0.005362893454730511 | 0 | 1.0
-0.001833651796914637 | 0 | 1.0
-0.012944852001965046 | 0 | 1.0
-0.027973277494311333 | 0 | 1.0
-0.04692218452692032 | 0 | 1.0
-0.06979480385780334 | 0 | 1.0
Total reward: 8.0
5.1, 5.1, 5.1, 5.1, 5.1, 5.1, 5.1, 5.1, 5.1, 5.1
parameter ends

state | action | reward
[0.01] | 0 | 1.0
0.014767325483262539 | 0 | 1.0
0.011483839713037014 | 0 | 1.0
0.004304037429392338 | 0 | 1.0
-0.0067736199125647545 | 0 | 1.0
-0.021752241998910904 | 0 | 1.0
-0.040636178106069565 | 0 | 1.0
-0.06343049556016922 | 0 | 1.0
-0.09014026075601578 | 0 | 1.0
-0.12076949328184128 | 0 | 1.0
Total reward: 10.0
5.1, 5.1, 5.1, 5.1, 5.1, 5.1, 5.1, 5.1, 5.1, 5.1
parameter ends

state | action | reward
[0.04] | 0 | 1.0
0.038146816194057465 | 0 | 1.0
0.03392347693443298 | 0 | 1.0
0.025807758793234825 | 0 | 1.0
0.013797616586089134 | 0 | 1.0
-0.0021105592604726553 | 0 | 1.0
-0.021921604871749878 | 0 | 1.0
-0.045641038566827774 | 0 | 1.0
-0.07327431440353394 | 0 | 1.0
-0.10482578724622726 | 0 | 1.0
Total reward: 10.0
5.1, 5.1, 5.1, 5.1, 5.1, 5.1, 5.1, 5.1, 5.1, 5.1
parameter ends

state | action | reward
[-0.01] | 0 | 1.0
-0.009338142350316048 | 0 | 1.0
-0.01280784048140049 | 0 | 1.0
-0.020181694999337196 | 0 | 1.0
-0.03146140277385712 | 0 | 1.0
-0.046650029718875885 | 0 | 1.0
-0.0657515898346901 | 0 | 1.0
-0.08877044171094894 | 0 | 1.0
-0.11571040749549866 | 0 | 1.0
Total reward: 9.0
5.1, 5.1, 5.1, 5.1, 5.1, 5.1, 5.1, 5.1, 5.1, 5.1
parameter ends

state | action | reward
[0.03] | 0 | 1.0
0.02839825488626957 | 0 | 1.0
0.024788858368992805 | 0 | 1.0
0.01727825030684471 | 0 | 1.0
0.005864565260708332 | 0 | 1.0
-0.009455474093556404 | 0 | 1.0
-0.028686149045825005 | 0 | 1.0
-0.05183213949203491 | 0 | 1.0
-0.07889767736196518 | 0 | 1.0
Total reward: 9.0
5.1, 5.1, 5.1, 5.1, 5.1, 5.1, 5.1, 5.1, 5.1, 5.1
parameter ends

state | action | reward
[-0.] | 0 | 1.0
-0.0018919457215815783 | 0 | 1.0
-0.006088107358664274 | 0 | 1.0
-0.014185174368321896 | 0 | 1.0
-0.02618476375937462 | 0 | 1.0
-0.042089954018592834 | 0 | 1.0
-0.0619049109518528 | 0 | 1.0
-0.08563432097434998 | 0 | 1.0
-0.11328256875276566 | 0 | 1.0
-0.1448526680469513 | 0 | 1.0
Total reward: 10.0
