5.8, 5.8, 5.8, 5.8, 5.8, 5.8, 5.8, 5.8, 5.8, 5.8
parameter ends

state | action | reward
[-0.03] | 0 | 1.0
-0.0318475142121315 | 0 | 1.0
-0.036630384624004364 | 0 | 1.0
-0.04532287269830704 | 0 | 1.0
-0.05792638659477234 | 0 | 1.0
-0.07444361597299576 | 0 | 1.0
-0.09487807005643845 | 0 | 1.0
-0.11923348158597946 | 0 | 1.0
-0.14751286804676056 | 0 | 1.0
Total reward: 9.0
5.8, 5.8, 5.8, 5.8, 5.8, 5.8, 5.8, 5.8, 5.8, 5.8
parameter ends

state | action | reward
[-0.] | 0 | 1.0
-2.3014070393401198e-05 | 0 | 1.0
-0.003315853187814355 | 0 | 1.0
-0.010511609725654125 | 0 | 1.0
-0.021612107753753662 | 0 | 1.0
-0.036620546132326126 | 0 | 1.0
-0.05554107949137688 | 0 | 1.0
-0.07837821543216705 | 0 | 1.0
-0.10513590276241302 | 0 | 1.0
Total reward: 9.0
5.8, 5.8, 5.8, 5.8, 5.8, 5.8, 5.8, 5.8, 5.8, 5.8
parameter ends

state | action | reward
[0.02] | 0 | 1.0
0.02115403302013874 | 0 | 1.0
0.018033342435956 | 0 | 1.0
0.011015458963811398 | 0 | 1.0
9.888713248074055e-05 | 0 | 1.0
-0.014719425700604916 | 0 | 1.0
-0.03344376012682915 | 0 | 1.0
-0.05607910081744194 | 0 | 1.0
-0.08263040333986282 | 0 | 1.0
-0.11310157924890518 | 0 | 1.0
Total reward: 10.0
5.8, 5.8, 5.8, 5.8, 5.8, 5.8, 5.8, 5.8, 5.8, 5.8
parameter ends

state | action | reward
[-0.04] | 0 | 1.0
-0.03836371377110481 | 0 | 1.0
-0.042557358741760254 | 0 | 1.0
-0.050640806555747986 | 0 | 1.0
-0.06261598318815231 | 0 | 1.0
-0.07848645746707916 | 0 | 1.0
-0.09825709462165833 | 0 | 1.0
-0.12193357944488525 | 0 | 1.0
-0.14952170848846436 | 0 | 1.0
-0.1810263842344284 | 0 | 1.0
Total reward: 10.0
5.8, 5.8, 5.8, 5.8, 5.8, 5.8, 5.8, 5.8, 5.8, 5.8
parameter ends

state | action | reward
[-0.] | 0 | 1.0
-0.003530381713062525 | 0 | 1.0
-0.00838468223810196 | 0 | 1.0
-0.017150765284895897 | 0 | 1.0
-0.02982996217906475 | 0 | 1.0
-0.04642481729388237 | 0 | 1.0
-0.06693866103887558 | 0 | 1.0
-0.0913749560713768 | 0 | 1.0
-0.11973635107278824 | 0 | 1.0
Total reward: 9.0
5.8, 5.8, 5.8, 5.8, 5.8, 5.8, 5.8, 5.8, 5.8, 5.8
parameter ends

state | action | reward
[-0.04] | 0 | 1.0
-0.03860872983932495 | 0 | 1.0
-0.04347669333219528 | 0 | 1.0
-0.052251193672418594 | 0 | 1.0
-0.06493382900953293 | 0 | 1.0
-0.08152752369642258 | 0 | 1.0
-0.10203609615564346 | 0 | 1.0
-0.1264636218547821 | 0 | 1.0
-0.15481357276439667 | 0 | 1.0
Total reward: 9.0
5.8, 5.8, 5.8, 5.8, 5.8, 5.8, 5.8, 5.8, 5.8, 5.8
parameter ends

state | action | reward
[0.01] | 0 | 1.0
0.014918516390025616 | 0 | 1.0
0.01130553986877203 | 0 | 1.0
0.0037932454142719507 | 0 | 1.0
-0.007620284333825111 | 0 | 1.0
-0.02293841354548931 | 0 | 1.0
-0.04216555878520012 | 0 | 1.0
-0.06530660390853882 | 0 | 1.0
-0.0923660397529602 | 0 | 1.0
-0.12334689497947693 | 0 | 1.0
Total reward: 10.0
5.8, 5.8, 5.8, 5.8, 5.8, 5.8, 5.8, 5.8, 5.8, 5.8
parameter ends

state | action | reward
[0.03] | 0 | 1.0
0.032980408519506454 | 0 | 1.0
0.029775353148579597 | 0 | 1.0
0.022672798484563828 | 0 | 1.0
0.011670790612697601 | 0 | 1.0
-0.0032341117039322853 | 0 | 1.0
-0.022046444937586784 | 0 | 1.0
-0.04477126896381378 | 0 | 1.0
-0.07141334563493729 | 0 | 1.0
-0.10197605937719345 | 0 | 1.0
Total reward: 10.0
5.8, 5.8, 5.8, 5.8, 5.8, 5.8, 5.8, 5.8, 5.8, 5.8
parameter ends

state | action | reward
[0.04] | 0 | 1.0
0.04174448177218437 | 0 | 1.0
0.03699903562664986 | 0 | 1.0
0.028360500931739807 | 0 | 1.0
0.015827154740691185 | 0 | 1.0
-0.0006043378380127251 | 0 | 1.0
-0.020938586443662643 | 0 | 1.0
-0.04518096521496773 | 0 | 1.0
-0.07333690673112869 | 0 | 1.0
-0.10541088879108429 | 0 | 1.0
Total reward: 10.0
5.8, 5.8, 5.8, 5.8, 5.8, 5.8, 5.8, 5.8, 5.8, 5.8
parameter ends

state | action | reward
[-0.01] | 0 | 1.0
-0.012201067060232162 | 0 | 1.0
-0.016064321622252464 | 0 | 1.0
-0.023827342316508293 | 0 | 1.0
-0.03549180552363396 | 0 | 1.0
-0.05106086656451225 | 0 | 1.0
-0.07053878903388977 | 0 | 1.0
-0.09393036365509033 | 0 | 1.0
-0.12124013900756836 | 0 | 1.0
-0.15247130393981934 | 0 | 1.0
Total reward: 10.0
5.8, 5.8, 5.8, 5.8, 5.8, 5.8, 5.8, 5.8, 5.8, 5.8
parameter ends

state | action | reward
[-0.04] | 0 | 1.0
-0.04319246858358383 | 0 | 1.0
-0.04676968976855278 | 0 | 1.0
-0.05425862967967987 | 0 | 1.0
-0.06566081196069717 | 0 | 1.0
-0.08097895234823227 | 0 | 1.0
-0.10021645575761795 | 0 | 1.0
-0.1233767494559288 | 0 | 1.0
Total reward: 8.0
5.8, 5.8, 5.8, 5.8, 5.8, 5.8, 5.8, 5.8, 5.8, 5.8
parameter ends

state | action | reward
[-0.02] | 0 | 1.0
-0.02189055271446705 | 0 | 1.0
-0.02601267769932747 | 0 | 1.0
-0.03403607755899429 | 0 | 1.0
-0.04596232995390892 | 0 | 1.0
-0.0617944709956646 | 0 | 1.0
-0.08153663575649261 | 0 | 1.0
-0.10519345104694366 | 0 | 1.0
-0.13276927173137665 | 0 | 1.0
-0.16426707804203033 | 0 | 1.0
Total reward: 10.0
5.8, 5.8, 5.8, 5.8, 5.8, 5.8, 5.8, 5.8, 5.8, 5.8
parameter ends

state | action | reward
[-0.01] | 0 | 1.0
-0.01394378487020731 | 0 | 1.0
-0.018687371164560318 | 0 | 1.0
-0.027341384440660477 | 0 | 1.0
-0.03990743309259415 | 0 | 1.0
-0.05638832226395607 | 0 | 1.0
-0.07678759843111038 | 0 | 1.0
-0.1011088564991951 | 0 | 1.0
-0.12935476005077362 | 0 | 1.0
Total reward: 9.0
5.8, 5.8, 5.8, 5.8, 5.8, 5.8, 5.8, 5.8, 5.8, 5.8
parameter ends

state | action | reward
[0.01] | 0 | 1.0
0.008177309297025204 | 0 | 1.0
0.004191063344478607 | 0 | 1.0
-0.0037039949093014 | 0 | 1.0
-0.015509257093071938 | 0 | 1.0
-0.031227409839630127 | 0 | 1.0
-0.05086202174425125 | 0 | 1.0
-0.07441692054271698 | 0 | 1.0
-0.1018952876329422 | 0 | 1.0
Total reward: 9.0
5.8, 5.8, 5.8, 5.8, 5.8, 5.8, 5.8, 5.8, 5.8, 5.8
parameter ends

state | action | reward
[0.02] | 0 | 1.0
0.022141067311167717 | 0 | 1.0
0.018455704674124718 | 0 | 1.0
0.010861106216907501 | 0 | 1.0
-0.0006440723082050681 | 0 | 1.0
-0.01606246642768383 | 0 | 1.0
-0.035397596657276154 | 0 | 1.0
-0.05865324288606644 | 0 | 1.0
-0.08583253622055054 | 0 | 1.0
Total reward: 9.0
5.8, 5.8, 5.8, 5.8, 5.8, 5.8, 5.8, 5.8, 5.8, 5.8
parameter ends

state | action | reward
[0.03] | 0 | 1.0
0.026970257982611656 | 0 | 1.0
0.022187156602740288 | 0 | 1.0
0.013508911244571209 | 0 | 1.0
0.0009338959935121238 | 0 | 1.0
-0.015541099943220615 | 0 | 1.0
-0.035920534282922745 | 0 | 1.0
-0.060209594666957855 | 0 | 1.0
-0.08841346949338913 | 0 | 1.0
-0.12053634971380234 | 0 | 1.0
Total reward: 10.0
5.8, 5.8, 5.8, 5.8, 5.8, 5.8, 5.8, 5.8, 5.8, 5.8
parameter ends

state | action | reward
[0.05] | 0 | 1.0
0.046502720564603806 | 0 | 1.0
0.04218161478638649 | 0 | 1.0
0.03394707664847374 | 0 | 1.0
0.021797597408294678 | 0 | 1.0
0.005730549804866314 | 0 | 1.0
-0.014257329516112804 | 0 | 1.0
-0.038169220089912415 | 0 | 1.0
Total reward: 8.0
5.8, 5.8, 5.8, 5.8, 5.8, 5.8, 5.8, 5.8, 5.8, 5.8
parameter ends

state | action | reward
[-0.02] | 0 | 1.0
-0.01852388307452202 | 0 | 1.0
-0.021550605073571205 | 0 | 1.0
-0.028470506891608238 | 0 | 1.0
-0.03928549587726593 | 0 | 1.0
-0.05399906262755394 | 0 | 1.0
-0.07261592149734497 | 0 | 1.0
-0.09514150768518448 | 0 | 1.0
-0.12158118188381195 | 0 | 1.0
-0.1519392728805542 | 0 | 1.0
Total reward: 10.0
5.8, 5.8, 5.8, 5.8, 5.8, 5.8, 5.8, 5.8, 5.8, 5.8
parameter ends

state | action | reward
[0.04] | 0 | 1.0
0.03431796655058861 | 0 | 1.0
0.029497796669602394 | 0 | 1.0
0.020765626803040504 | 0 | 1.0
0.008119957521557808 | 0 | 1.0
-0.008441882207989693 | 0 | 1.0
-0.02892327308654785 | 0 | 1.0
-0.05332760885357857 | 0 | 1.0
Total reward: 8.0
5.8, 5.8, 5.8, 5.8, 5.8, 5.8, 5.8, 5.8, 5.8, 5.8
parameter ends

state | action | reward
[0.] | 0 | 1.0
0.005339427851140499 | 0 | 1.0
0.002210854785516858 | 0 | 1.0
-0.004809793550521135 | 0 | 1.0
-0.01572437584400177 | 0 | 1.0
-0.030536357313394547 | 0 | 1.0
-0.04925047233700752 | 0 | 1.0
-0.07187221199274063 | 0 | 1.0
-0.09840710461139679 | 0 | 1.0
-0.1288597285747528 | 0 | 1.0
Total reward: 10.0
