5.7, 5.7, 5.7, 5.7, 5.7, 5.7, 5.7, 5.7, 5.7, 5.7
parameter ends

state | action | reward
[-0.02] | 0 | 1.0
-0.01949467882514 | 0 | 1.0
-0.023117078468203545 | 0 | 1.0
-0.030627867206931114 | 0 | 1.0
-0.0420287661254406 | 0 | 1.0
-0.05732317268848419 | 0 | 1.0
-0.07651588320732117 | 0 | 1.0
-0.09961260110139847 | 0 | 1.0
-0.12661927938461304 | 0 | 1.0
-0.15754123032093048 | 0 | 1.0
-0.19238188862800598 | 0 | 1.0
Total reward: 11.0
5.7, 5.7, 5.7, 5.7, 5.7, 5.7, 5.7, 5.7, 5.7, 5.7
parameter ends

state | action | reward
[0.05] | 0 | 1.0
0.04683001711964607 | 0 | 1.0
0.042349930852651596 | 0 | 1.0
0.033955495804548264 | 0 | 1.0
0.02164522558450699 | 0 | 1.0
0.005416537635028362 | 0 | 1.0
-0.014733741991221905 | 0 | 1.0
-0.038808658719062805 | 0 | 1.0
Total reward: 8.0
5.7, 5.7, 5.7, 5.7, 5.7, 5.7, 5.7, 5.7, 5.7, 5.7
parameter ends

state | action | reward
[-0.05] | 0 | 1.0
-0.04774220660328865 | 0 | 1.0
-0.05119721218943596 | 0 | 1.0
-0.05855824053287506 | 0 | 1.0
-0.06982681155204773 | 0 | 1.0
-0.08500580489635468 | 0 | 1.0
-0.10409902781248093 | 0 | 1.0
-0.12711063027381897 | 0 | 1.0
-0.1540442258119583 | 0 | 1.0
Total reward: 9.0
5.7, 5.7, 5.7, 5.7, 5.7, 5.7, 5.7, 5.7, 5.7, 5.7
parameter ends

state | action | reward
[0.04] | 0 | 1.0
0.03627403825521469 | 0 | 1.0
0.03167037293314934 | 0 | 1.0
0.023174164816737175 | 0 | 1.0
0.010783419944345951 | 0 | 1.0
-0.005505434237420559 | 0 | 1.0
-0.025697197765111923 | 0 | 1.0
-0.04979736730456352 | 0 | 1.0
-0.07781138271093369 | 0 | 1.0
-0.10974361002445221 | 0 | 1.0
Total reward: 10.0
5.7, 5.7, 5.7, 5.7, 5.7, 5.7, 5.7, 5.7, 5.7, 5.7
parameter ends

state | action | reward
[-0.] | 0 | 1.0
-0.0030252127908170223 | 0 | 1.0
-0.00785373616963625 | 0 | 1.0
-0.01657791994512081 | 0 | 1.0
-0.029199721291661263 | 0 | 1.0
-0.04572261869907379 | 0 | 1.0
-0.06615124642848969 | 0 | 1.0
-0.09049082547426224 | 0 | 1.0
-0.11874638497829437 | 0 | 1.0
-0.15092170238494873 | 0 | 1.0
Total reward: 10.0
5.7, 5.7, 5.7, 5.7, 5.7, 5.7, 5.7, 5.7, 5.7, 5.7
parameter ends

state | action | reward
[0.05] | 0 | 1.0
0.04507359117269516 | 0 | 1.0
0.04044991359114647 | 0 | 1.0
0.031930115073919296 | 0 | 1.0
0.0195122342556715 | 0 | 1.0
0.0031928070820868015 | 0 | 1.0
-0.01703277789056301 | 0 | 1.0
-0.041169703006744385 | 0 | 1.0
-0.06922293454408646 | 0 | 1.0
-0.10119615495204926 | 0 | 1.0
Total reward: 10.0
5.7, 5.7, 5.7, 5.7, 5.7, 5.7, 5.7, 5.7, 5.7, 5.7
parameter ends

state | action | reward
[0.02] | 0 | 1.0
0.023851320147514343 | 0 | 1.0
0.02081775665283203 | 0 | 1.0
0.013879742473363876 | 0 | 1.0
0.0030355132184922695 | 0 | 1.0
-0.011718043126165867 | 0 | 1.0
-0.030384963378310204 | 0 | 1.0
-0.052969567477703094 | 0 | 1.0
-0.07947558909654617 | 0 | 1.0
Total reward: 9.0
5.7, 5.7, 5.7, 5.7, 5.7, 5.7, 5.7, 5.7, 5.7, 5.7
parameter ends

state | action | reward
[-0.03] | 0 | 1.0
-0.030821995809674263 | 0 | 1.0
-0.03409541770815849 | 0 | 1.0
-0.041270770132541656 | 0 | 1.0
-0.0523497574031353 | 0 | 1.0
-0.06733550876379013 | 0 | 1.0
-0.08623218536376953 | 0 | 1.0
-0.10904437303543091 | 0 | 1.0
-0.13577626645565033 | 0 | 1.0
Total reward: 9.0
5.7, 5.7, 5.7, 5.7, 5.7, 5.7, 5.7, 5.7, 5.7, 5.7
parameter ends

state | action | reward
[0.02] | 0 | 1.0
0.01851646415889263 | 0 | 1.0
0.01450478658080101 | 0 | 1.0
0.006582928821444511 | 0 | 1.0
-0.005250304937362671 | 0 | 1.0
-0.02099740318953991 | 0 | 1.0
-0.040661755949258804 | 0 | 1.0
-0.0642470270395279 | 0 | 1.0
-0.09175629913806915 | 0 | 1.0
Total reward: 9.0
5.7, 5.7, 5.7, 5.7, 5.7, 5.7, 5.7, 5.7, 5.7, 5.7
parameter ends

state | action | reward
[-0.03] | 0 | 1.0
-0.02806045301258564 | 0 | 1.0
-0.031057190150022507 | 0 | 1.0
-0.037944234907627106 | 0 | 1.0
-0.04872320592403412 | 0 | 1.0
-0.06339738517999649 | 0 | 1.0
-0.0819714218378067 | 0 | 1.0
-0.10445085912942886 | 0 | 1.0
-0.1308414489030838 | 0 | 1.0
-0.16114825010299683 | 0 | 1.0
Total reward: 10.0
5.7, 5.7, 5.7, 5.7, 5.7, 5.7, 5.7, 5.7, 5.7, 5.7
parameter ends

state | action | reward
[0.05] | 0 | 1.0
0.04755258560180664 | 0 | 1.0
0.042912475764751434 | 0 | 1.0
0.034375473856925964 | 0 | 1.0
0.021939674392342567 | 0 | 1.0
0.005601664073765278 | 0 | 1.0
-0.014643101021647453 | 0 | 1.0
-0.038799725472927094 | 0 | 1.0
-0.06687308102846146 | 0 | 1.0
-0.09886673837900162 | 0 | 1.0
Total reward: 10.0
5.7, 5.7, 5.7, 5.7, 5.7, 5.7, 5.7, 5.7, 5.7, 5.7
parameter ends

state | action | reward
[-0.01] | 0 | 1.0
-0.011826802976429462 | 0 | 1.0
-0.016277816146612167 | 0 | 1.0
-0.024621691554784775 | 0 | 1.0
-0.03686007112264633 | 0 | 1.0
-0.05299621447920799 | 0 | 1.0
-0.07303468883037567 | 0 | 1.0
-0.09698086231946945 | 0 | 1.0
-0.12484019249677658 | 0 | 1.0
-0.15661728382110596 | 0 | 1.0
Total reward: 10.0
5.7, 5.7, 5.7, 5.7, 5.7, 5.7, 5.7, 5.7, 5.7, 5.7
parameter ends

state | action | reward
[0.02] | 0 | 1.0
0.01758071780204773 | 0 | 1.0
0.012975226156413555 | 0 | 1.0
0.004467063117772341 | 0 | 1.0
-0.007945442572236061 | 0 | 1.0
-0.024265367537736893 | 0 | 1.0
-0.0444968082010746 | 0 | 1.0
-0.06864427775144577 | 0 | 1.0
-0.09671186655759811 | 0 | 1.0
Total reward: 9.0
5.7, 5.7, 5.7, 5.7, 5.7, 5.7, 5.7, 5.7, 5.7, 5.7
parameter ends

state | action | reward
[-0.] | 0 | 1.0
-0.0028811071533709764 | 0 | 1.0
-0.006975770927965641 | 0 | 1.0
-0.014982495456933975 | 0 | 1.0
-0.0269024595618248 | 0 | 1.0
-0.042738087475299835 | 0 | 1.0
-0.062492623925209045 | 0 | 1.0
-0.08616951107978821 | 0 | 1.0
-0.1137714758515358 | 0 | 1.0
Total reward: 9.0
5.7, 5.7, 5.7, 5.7, 5.7, 5.7, 5.7, 5.7, 5.7, 5.7
parameter ends

state | action | reward
[0.02] | 0 | 1.0
0.019297316670417786 | 0 | 1.0
0.015286407433450222 | 0 | 1.0
0.007362862583249807 | 0 | 1.0
-0.00447477912530303 | 0 | 1.0
-0.020229138433933258 | 0 | 1.0
-0.03990352898836136 | 0 | 1.0
-0.0635012611746788 | 0 | 1.0
Total reward: 8.0
5.7, 5.7, 5.7, 5.7, 5.7, 5.7, 5.7, 5.7, 5.7, 5.7
parameter ends

state | action | reward
[0.05] | 0 | 1.0
0.048142675310373306 | 0 | 1.0
0.04479723796248436 | 0 | 1.0
0.037555012851953506 | 0 | 1.0
0.02641414850950241 | 0 | 1.0
0.011371282860636711 | 0 | 1.0
-0.0075780958868563175 | 0 | 1.0
-0.030439089983701706 | 0 | 1.0
-0.05721660703420639 | 0 | 1.0
-0.08791429549455643 | 0 | 1.0
Total reward: 10.0
5.7, 5.7, 5.7, 5.7, 5.7, 5.7, 5.7, 5.7, 5.7, 5.7
parameter ends

state | action | reward
[-0.02] | 0 | 1.0
-0.016514087095856667 | 0 | 1.0
-0.02110240049660206 | 0 | 1.0
-0.029593612998723984 | 0 | 1.0
-0.041989125311374664 | 0 | 1.0
-0.05829178914427757 | 0 | 1.0
-0.07850553840398788 | 0 | 1.0
-0.10263483971357346 | 0 | 1.0
-0.13068385422229767 | 0 | 1.0
Total reward: 9.0
5.7, 5.7, 5.7, 5.7, 5.7, 5.7, 5.7, 5.7, 5.7, 5.7
parameter ends

state | action | reward
[0.02] | 0 | 1.0
0.016679929569363594 | 0 | 1.0
0.011820656247437 | 0 | 1.0
0.00306649855338037 | 0 | 1.0
-0.00958404690027237 | 0 | 1.0
-0.026134086772799492 | 0 | 1.0
-0.04658801108598709 | 0 | 1.0
-0.07095099240541458 | 0 | 1.0
-0.09922827035188675 | 0 | 1.0
-0.1314241886138916 | 0 | 1.0
Total reward: 10.0
5.7, 5.7, 5.7, 5.7, 5.7, 5.7, 5.7, 5.7, 5.7, 5.7
parameter ends

state | action | reward
[-0.01] | 0 | 1.0
-0.010370240546762943 | 0 | 1.0
-0.013413223437964916 | 0 | 1.0
-0.020354565232992172 | 0 | 1.0
-0.031196121126413345 | 0 | 1.0
-0.045941222459077835 | 0 | 1.0
-0.06459430605173111 | 0 | 1.0
-0.08716033399105072 | 0 | 1.0
-0.11364397406578064 | 0 | 1.0
-0.1440485417842865 | 0 | 1.0
Total reward: 10.0
5.7, 5.7, 5.7, 5.7, 5.7, 5.7, 5.7, 5.7, 5.7, 5.7
parameter ends

state | action | reward
[-0.01] | 0 | 1.0
-0.007053139619529247 | 0 | 1.0
-0.010629259049892426 | 0 | 1.0
-0.01810573972761631 | 0 | 1.0
-0.029484374448657036 | 0 | 1.0
-0.044768404215574265 | 0 | 1.0
-0.06396211683750153 | 0 | 1.0
-0.0870702788233757 | 0 | 1.0
-0.11409727483987808 | 0 | 1.0
Total reward: 9.0
