5.3, 5.3, 5.3, 5.3, 5.3, 5.3, 5.3, 5.3, 5.3, 5.3
parameter ends

state | action | reward
[-0.] | 0 | 1.0
-0.0019508367404341698 | 0 | 1.0
-0.005586413666605949 | 0 | 1.0
-0.013124288991093636 | 0 | 1.0
-0.024566270411014557 | 0 | 1.0
-0.03991555795073509 | 0 | 1.0
-0.05917634069919586 | 0 | 1.0
-0.08235318213701248 | 0 | 1.0
-0.10945015400648117 | 0 | 1.0
Total reward: 9.0
5.3, 5.3, 5.3, 5.3, 5.3, 5.3, 5.3, 5.3, 5.3, 5.3
parameter ends

state | action | reward
[0.02] | 0 | 1.0
0.022289175540208817 | 0 | 1.0
0.018885444849729538 | 0 | 1.0
0.011572242714464664 | 0 | 1.0
0.0003482555621303618 | 0 | 1.0
-0.014789118431508541 | 0 | 1.0
-0.03384336829185486 | 0 | 1.0
-0.056818246841430664 | 0 | 1.0
-0.08371686935424805 | 0 | 1.0
Total reward: 9.0
5.3, 5.3, 5.3, 5.3, 5.3, 5.3, 5.3, 5.3, 5.3, 5.3
parameter ends

state | action | reward
[-0.04] | 0 | 1.0
-0.03795749694108963 | 0 | 1.0
-0.041469309478998184 | 0 | 1.0
-0.04887736216187477 | 0 | 1.0
-0.0601835697889328 | 0 | 1.0
-0.07539137452840805 | 0 | 1.0
-0.09450534731149673 | 0 | 1.0
-0.11753065139055252 | 0 | 1.0
-0.14447225630283356 | 0 | 1.0
-0.17533385753631592 | 0 | 1.0
Total reward: 10.0
5.3, 5.3, 5.3, 5.3, 5.3, 5.3, 5.3, 5.3, 5.3, 5.3
parameter ends

state | action | reward
[0.01] | 0 | 1.0
0.011338850483298302 | 0 | 1.0
0.00660024443641305 | 0 | 1.0
-0.002036262769252062 | 0 | 1.0
-0.014572431333363056 | 0 | 1.0
-0.03101152740418911 | 0 | 1.0
-0.05135795474052429 | 0 | 1.0
-0.07561670243740082 | 0 | 1.0
-0.10379254817962646 | 0 | 1.0
-0.1358889937400818 | 0 | 1.0
Total reward: 10.0
5.3, 5.3, 5.3, 5.3, 5.3, 5.3, 5.3, 5.3, 5.3, 5.3
parameter ends

state | action | reward
[-0.] | 0 | 1.0
-0.0028978646732866764 | 0 | 1.0
-0.007281336933374405 | 0 | 1.0
-0.015574709512293339 | 0 | 1.0
-0.027779459953308105 | 0 | 1.0
-0.043898310512304306 | 0 | 1.0
-0.0639347955584526 | 0 | 1.0
-0.08789259195327759 | 0 | 1.0
-0.11577460169792175 | 0 | 1.0
Total reward: 9.0
5.3, 5.3, 5.3, 5.3, 5.3, 5.3, 5.3, 5.3, 5.3, 5.3
parameter ends

state | action | reward
[-0.03] | 0 | 1.0
-0.02970869466662407 | 0 | 1.0
-0.03419310599565506 | 0 | 1.0
-0.04257798567414284 | 0 | 1.0
-0.05486516281962395 | 0 | 1.0
-0.07105790823698044 | 0 | 1.0
-0.09116053581237793 | 0 | 1.0
-0.11517779529094696 | 0 | 1.0
-0.14311406016349792 | 0 | 1.0
Total reward: 9.0
5.3, 5.3, 5.3, 5.3, 5.3, 5.3, 5.3, 5.3, 5.3, 5.3
parameter ends

state | action | reward
[-0.01] | 0 | 1.0
-0.011781123466789722 | 0 | 1.0
-0.016443004831671715 | 0 | 1.0
-0.024997400119900703 | 0 | 1.0
-0.03744585067033768 | 0 | 1.0
-0.05379154160618782 | 0 | 1.0
-0.07403897494077682 | 0 | 1.0
-0.09819352626800537 | 0 | 1.0
-0.1262606978416443 | 0 | 1.0
-0.1582452356815338 | 0 | 1.0
Total reward: 10.0
5.3, 5.3, 5.3, 5.3, 5.3, 5.3, 5.3, 5.3, 5.3, 5.3
parameter ends

state | action | reward
[0.03] | 0 | 1.0
0.02670626901090145 | 0 | 1.0
0.023381097242236137 | 0 | 1.0
0.016142072156071663 | 0 | 1.0
0.00498777674511075 | 0 | 1.0
-0.01008432824164629 | 0 | 1.0
-0.0290774405002594 | 0 | 1.0
-0.05199470371007919 | 0 | 1.0
Total reward: 8.0
5.3, 5.3, 5.3, 5.3, 5.3, 5.3, 5.3, 5.3, 5.3, 5.3
parameter ends

state | action | reward
[-0.02] | 0 | 1.0
-0.016728680580854416 | 0 | 1.0
-0.020581701770424843 | 0 | 1.0
-0.02833579108119011 | 0 | 1.0
-0.039992399513721466 | 0 | 1.0
-0.05555446073412895 | 0 | 1.0
-0.07502604275941849 | 0 | 1.0
-0.09841178357601166 | 0 | 1.0
-0.12571612000465393 | 0 | 1.0
-0.1569422036409378 | 0 | 1.0
Total reward: 10.0
5.3, 5.3, 5.3, 5.3, 5.3, 5.3, 5.3, 5.3, 5.3, 5.3
parameter ends

state | action | reward
[-0.04] | 0 | 1.0
-0.037191979587078094 | 0 | 1.0
-0.0409214161336422 | 0 | 1.0
-0.04855386167764664 | 0 | 1.0
-0.06009068712592125 | 0 | 1.0
-0.07553471624851227 | 0 | 1.0
-0.09488986432552338 | 0 | 1.0
-0.11816058307886124 | 0 | 1.0
-0.14535103738307953 | 0 | 1.0
Total reward: 9.0
5.3, 5.3, 5.3, 5.3, 5.3, 5.3, 5.3, 5.3, 5.3, 5.3
parameter ends

state | action | reward
[0.] | 0 | 1.0
0.0032976914662867785 | 0 | 1.0
-0.0006127223605290055 | 0 | 1.0
-0.00843114499002695 | 0 | 1.0
-0.02015927992761135 | 0 | 1.0
-0.03580008074641228 | 0 | 1.0
-0.05535730719566345 | 0 | 1.0
-0.07883486151695251 | 0 | 1.0
-0.10623583942651749 | 0 | 1.0
Total reward: 9.0
5.3, 5.3, 5.3, 5.3, 5.3, 5.3, 5.3, 5.3, 5.3, 5.3
parameter ends

state | action | reward
[-0.01] | 0 | 1.0
-0.011149642989039421 | 0 | 1.0
-0.015615204349160194 | 0 | 1.0
-0.023968247696757317 | 0 | 1.0
-0.03621041402220726 | 0 | 1.0
-0.05234505608677864 | 0 | 1.0
-0.07237693667411804 | 0 | 1.0
-0.0963117927312851 | 0 | 1.0
-0.1241556853055954 | 0 | 1.0
-0.1559140980243683 | 0 | 1.0
-0.19159077107906342 | 0 | 1.0
Total reward: 11.0
5.3, 5.3, 5.3, 5.3, 5.3, 5.3, 5.3, 5.3, 5.3, 5.3
parameter ends

state | action | reward
[-0.] | 0 | 1.0
-0.0009971403051167727 | 0 | 1.0
-0.004460168071091175 | 0 | 1.0
-0.011838410049676895 | 0 | 1.0
-0.023132987320423126 | 0 | 1.0
-0.03834616392850876 | 0 | 1.0
-0.05748093128204346 | 0 | 1.0
-0.08054031431674957 | 0 | 1.0
Total reward: 8.0
5.3, 5.3, 5.3, 5.3, 5.3, 5.3, 5.3, 5.3, 5.3, 5.3
parameter ends

state | action | reward
[0.01] | 0 | 1.0
0.009082667529582977 | 0 | 1.0
0.0057304780930280685 | 0 | 1.0
-0.0015238766791298985 | 0 | 1.0
-0.012682123109698296 | 0 | 1.0
-0.027747400104999542 | 0 | 1.0
-0.0467238612473011 | 0 | 1.0
-0.06961607933044434 | 0 | 1.0
-0.09642819315195084 | 0 | 1.0
Total reward: 9.0
5.3, 5.3, 5.3, 5.3, 5.3, 5.3, 5.3, 5.3, 5.3, 5.3
parameter ends

state | action | reward
[0.05] | 0 | 1.0
0.045128047466278076 | 0 | 1.0
0.04033568501472473 | 0 | 1.0
0.03163357451558113 | 0 | 1.0
0.01902012526988983 | 0 | 1.0
0.002492520259693265 | 0 | 1.0
-0.017952831462025642 | 0 | 1.0
-0.04231961816549301 | 0 | 1.0
-0.07061067223548889 | 0 | 1.0
Total reward: 9.0
5.3, 5.3, 5.3, 5.3, 5.3, 5.3, 5.3, 5.3, 5.3, 5.3
parameter ends

state | action | reward
[-0.03] | 0 | 1.0
-0.027918478474020958 | 0 | 1.0
-0.0321718230843544 | 0 | 1.0
-0.04033224284648895 | 0 | 1.0
-0.05240137502551079 | 0 | 1.0
-0.0683821514248848 | 0 | 1.0
-0.0882783755660057 | 0 | 1.0
-0.11209406703710556 | 0 | 1.0
-0.13983255624771118 | 0 | 1.0
Total reward: 9.0
5.3, 5.3, 5.3, 5.3, 5.3, 5.3, 5.3, 5.3, 5.3, 5.3
parameter ends

state | action | reward
[0.02] | 0 | 1.0
0.018543291836977005 | 0 | 1.0
0.014104781672358513 | 0 | 1.0
0.005769869312644005 | 0 | 1.0
-0.006462958175688982 | 0 | 1.0
-0.02259678579866886 | 0 | 1.0
-0.04263594374060631 | 0 | 1.0
-0.0665854811668396 | 0 | 1.0
-0.0944504588842392 | 0 | 1.0
-0.12623491883277893 | 0 | 1.0
Total reward: 10.0
5.3, 5.3, 5.3, 5.3, 5.3, 5.3, 5.3, 5.3, 5.3, 5.3
parameter ends

state | action | reward
[-0.04] | 0 | 1.0
-0.043734725564718246 | 0 | 1.0
-0.04682903736829758 | 0 | 1.0
-0.053822025656700134 | 0 | 1.0
-0.06471554189920425 | 0 | 1.0
-0.07951292395591736 | 0 | 1.0
-0.09821857511997223 | 0 | 1.0
-0.12083743512630463 | 0 | 1.0
-0.14737413823604584 | 0 | 1.0
-0.17783190310001373 | 0 | 1.0
Total reward: 10.0
5.3, 5.3, 5.3, 5.3, 5.3, 5.3, 5.3, 5.3, 5.3, 5.3
parameter ends

state | action | reward
[-0.05] | 0 | 1.0
-0.04714220389723778 | 0 | 1.0
-0.05078338831663132 | 0 | 1.0
-0.0583137683570385 | 0 | 1.0
-0.06973535567522049 | 0 | 1.0
-0.08505179733037949 | 0 | 1.0
-0.10426803678274155 | 0 | 1.0
-0.1273898333311081 | 0 | 1.0
-0.1544230431318283 | 0 | 1.0
-0.18537262082099915 | 0 | 1.0
Total reward: 10.0
5.3, 5.3, 5.3, 5.3, 5.3, 5.3, 5.3, 5.3, 5.3, 5.3
parameter ends

state | action | reward
[0.] | 0 | 1.0
0.00015195315063465387 | 0 | 1.0
-0.004445794504135847 | 0 | 1.0
-0.012939474545419216 | 0 | 1.0
-0.0253308042883873 | 0 | 1.0
-0.04162304848432541 | 0 | 1.0
-0.06182068586349487 | 0 | 1.0
-0.08592886477708817 | 0 | 1.0
-0.11395263671875 | 0 | 1.0
-0.14589597284793854 | 0 | 1.0
Total reward: 10.0
