5.4, 5.4, 5.4, 5.4, 5.4, 5.4, 5.4, 5.4, 5.4, 5.4
parameter ends

state | action | reward
[0.04] | 0 | 1.0
0.038514602929353714 | 0 | 1.0
0.03511376306414604 | 0 | 1.0
0.027796873822808266 | 0 | 1.0
0.016562534496188164 | 0 | 1.0
0.0014082987327128649 | 0 | 1.0
-0.01766883209347725 | 0 | 1.0
-0.04067166522145271 | 0 | 1.0
Total reward: 8.0
5.4, 5.4, 5.4, 5.4, 5.4, 5.4, 5.4, 5.4, 5.4, 5.4
parameter ends

state | action | reward
[-0.] | 0 | 1.0
-0.0024058781564235687 | 0 | 1.0
-0.005534506868571043 | 0 | 1.0
-0.01255927886813879 | 0 | 1.0
-0.02348196506500244 | 0 | 1.0
-0.03830587863922119 | 0 | 1.0
-0.05703551694750786 | 0 | 1.0
-0.07967601716518402 | 0 | 1.0
-0.1062324121594429 | 0 | 1.0
-0.13670854270458221 | 0 | 1.0
Total reward: 10.0
5.4, 5.4, 5.4, 5.4, 5.4, 5.4, 5.4, 5.4, 5.4, 5.4
parameter ends

state | action | reward
[-0.04] | 0 | 1.0
-0.03724991902709007 | 0 | 1.0
-0.04128400981426239 | 0 | 1.0
-0.049216993153095245 | 0 | 1.0
-0.06105082109570503 | 0 | 1.0
-0.07678890228271484 | 0 | 1.0
-0.09643569588661194 | 0 | 1.0
-0.11999612301588058 | 0 | 1.0
-0.1474747359752655 | 0 | 1.0
-0.17887461185455322 | 0 | 1.0
Total reward: 10.0
5.4, 5.4, 5.4, 5.4, 5.4, 5.4, 5.4, 5.4, 5.4, 5.4
parameter ends

state | action | reward
[-0.02] | 0 | 1.0
-0.0162053145468235 | 0 | 1.0
-0.020674042403697968 | 0 | 1.0
-0.0290447436273098 | 0 | 1.0
-0.04131927713751793 | 0 | 1.0
-0.057500891387462616 | 0 | 1.0
-0.07759382575750351 | 0 | 1.0
-0.10160267353057861 | 0 | 1.0
-0.12953154742717743 | 0 | 1.0
Total reward: 9.0
5.4, 5.4, 5.4, 5.4, 5.4, 5.4, 5.4, 5.4, 5.4, 5.4
parameter ends

state | action | reward
[-0.03] | 0 | 1.0
-0.0340687520802021 | 0 | 1.0
-0.03824317455291748 | 0 | 1.0
-0.04632000997662544 | 0 | 1.0
-0.05830104649066925 | 0 | 1.0
-0.07418948411941528 | 0 | 1.0
-0.09398949146270752 | 0 | 1.0
-0.11770562827587128 | 0 | 1.0
-0.14534194767475128 | 0 | 1.0
Total reward: 9.0
5.4, 5.4, 5.4, 5.4, 5.4, 5.4, 5.4, 5.4, 5.4, 5.4
parameter ends

state | action | reward
[0.04] | 0 | 1.0
0.04367548227310181 | 0 | 1.0
0.03988189622759819 | 0 | 1.0
0.03219900280237198 | 0 | 1.0
0.02062503807246685 | 0 | 1.0
0.005156558472663164 | 0 | 1.0
-0.01421122346073389 | 0 | 1.0
-0.037483975291252136 | 0 | 1.0
-0.06466755270957947 | 0 | 1.0
-0.095767080783844 | 0 | 1.0
Total reward: 10.0
5.4, 5.4, 5.4, 5.4, 5.4, 5.4, 5.4, 5.4, 5.4, 5.4
parameter ends

state | action | reward
[-0.05] | 0 | 1.0
-0.04902712628245354 | 0 | 1.0
-0.05334651842713356 | 0 | 1.0
-0.06157396361231804 | 0 | 1.0
-0.07371112704277039 | 0 | 1.0
-0.08976093679666519 | 0 | 1.0
-0.10972712188959122 | 0 | 1.0
-0.13361358642578125 | 0 | 1.0
-0.161423459649086 | 0 | 1.0
Total reward: 9.0
5.4, 5.4, 5.4, 5.4, 5.4, 5.4, 5.4, 5.4, 5.4, 5.4
parameter ends

state | action | reward
[-0.02] | 0 | 1.0
-0.02304263785481453 | 0 | 1.0
-0.026915380731225014 | 0 | 1.0
-0.034676164388656616 | 0 | 1.0
-0.04632661119103432 | 0 | 1.0
-0.06187005713582039 | 0 | 1.0
-0.08131124079227448 | 0 | 1.0
-0.10465586185455322 | 0 | 1.0
-0.13190990686416626 | 0 | 1.0
-0.16307879984378815 | 0 | 1.0
-0.198166161775589 | 0 | 1.0
Total reward: 11.0
5.4, 5.4, 5.4, 5.4, 5.4, 5.4, 5.4, 5.4, 5.4, 5.4
parameter ends

state | action | reward
[-0.03] | 0 | 1.0
-0.03507354483008385 | 0 | 1.0
-0.03910874202847481 | 0 | 1.0
-0.047052495181560516 | 0 | 1.0
-0.058906201273202896 | 0 | 1.0
-0.07467254251241684 | 0 | 1.0
-0.09435510635375977 | 0 | 1.0
-0.11795774847269058 | 0 | 1.0
-0.14548370242118835 | 0 | 1.0
Total reward: 9.0
5.4, 5.4, 5.4, 5.4, 5.4, 5.4, 5.4, 5.4, 5.4, 5.4
parameter ends

state | action | reward
[-0.01] | 0 | 1.0
-0.006380023900419474 | 0 | 1.0
-0.01061995793133974 | 0 | 1.0
-0.018770914524793625 | 0 | 1.0
-0.030834462493658066 | 0 | 1.0
-0.04681335762143135 | 0 | 1.0
-0.06671108305454254 | 0 | 1.0
-0.09053115546703339 | 0 | 1.0
-0.11827616393566132 | 0 | 1.0
Total reward: 9.0
5.4, 5.4, 5.4, 5.4, 5.4, 5.4, 5.4, 5.4, 5.4, 5.4
parameter ends

state | action | reward
[0.05] | 0 | 1.0
0.04936295002698898 | 0 | 1.0
0.045700572431087494 | 0 | 1.0
0.038140714168548584 | 0 | 1.0
0.026681862771511078 | 0 | 1.0
0.01132095605134964 | 0 | 1.0
-0.007946280762553215 | 0 | 1.0
-0.031124819070100784 | 0 | 1.0
-0.05821956694126129 | 0 | 1.0
-0.089234359562397 | 0 | 1.0
Total reward: 10.0
5.4, 5.4, 5.4, 5.4, 5.4, 5.4, 5.4, 5.4, 5.4, 5.4
parameter ends

state | action | reward
[0.04] | 0 | 1.0
0.03587106242775917 | 0 | 1.0
0.03119807131588459 | 0 | 1.0
0.022624006494879723 | 0 | 1.0
0.010147379711270332 | 0 | 1.0
-0.006234779488295317 | 0 | 1.0
-0.0265265591442585 | 0 | 1.0
-0.050732605159282684 | 0 | 1.0
-0.07885733246803284 | 0 | 1.0
-0.11090385913848877 | 0 | 1.0
Total reward: 10.0
5.4, 5.4, 5.4, 5.4, 5.4, 5.4, 5.4, 5.4, 5.4, 5.4
parameter ends

state | action | reward
[0.03] | 0 | 1.0
0.025225935503840446 | 0 | 1.0
0.020684614777565002 | 0 | 1.0
0.012254652567207813 | 0 | 1.0
-6.589793338207528e-05 | 0 | 1.0
-0.016280638054013252 | 0 | 1.0
-0.036394499242305756 | 0 | 1.0
-0.06041325256228447 | 0 | 1.0
-0.0883428156375885 | 0 | 1.0
-0.12018831074237823 | 0 | 1.0
Total reward: 10.0
5.4, 5.4, 5.4, 5.4, 5.4, 5.4, 5.4, 5.4, 5.4, 5.4
parameter ends

state | action | reward
[0.03] | 0 | 1.0
0.030590100213885307 | 0 | 1.0
0.027193430811166763 | 0 | 1.0
0.01988528110086918 | 0 | 1.0
0.008664466440677643 | 0 | 1.0
-0.006471449509263039 | 0 | 1.0
-0.025525759905576706 | 0 | 1.0
-0.04850197583436966 | 0 | 1.0
-0.07540293782949448 | 0 | 1.0
Total reward: 9.0
5.4, 5.4, 5.4, 5.4, 5.4, 5.4, 5.4, 5.4, 5.4, 5.4
parameter ends

state | action | reward
[-0.02] | 0 | 1.0
-0.01658843271434307 | 0 | 1.0
-0.0201587975025177 | 0 | 1.0
-0.02761967107653618 | 0 | 1.0
-0.03897307440638542 | 0 | 1.0
-0.05422263219952583 | 0 | 1.0
-0.07337325811386108 | 0 | 1.0
-0.09643060714006424 | 0 | 1.0
-0.12340037524700165 | 0 | 1.0
-0.15428727865219116 | 0 | 1.0
Total reward: 10.0
5.4, 5.4, 5.4, 5.4, 5.4, 5.4, 5.4, 5.4, 5.4, 5.4
parameter ends

state | action | reward
[-0.] | 0 | 1.0
-0.0003625710669439286 | 0 | 1.0
-0.0033063041046261787 | 0 | 1.0
-0.010140983387827873 | 0 | 1.0
-0.020868634805083275 | 0 | 1.0
-0.03549288585782051 | 0 | 1.0
-0.05401862412691116 | 0 | 1.0
-0.07645148038864136 | 0 | 1.0
-0.10279708355665207 | 0 | 1.0
-0.13306008279323578 | 0 | 1.0
Total reward: 10.0
5.4, 5.4, 5.4, 5.4, 5.4, 5.4, 5.4, 5.4, 5.4, 5.4
parameter ends

state | action | reward
[-0.05] | 0 | 1.0
-0.04535369575023651 | 0 | 1.0
-0.04833260923624039 | 0 | 1.0
-0.055217597633600235 | 0 | 1.0
-0.06601041555404663 | 0 | 1.0
-0.08071410655975342 | 0 | 1.0
-0.09933260828256607 | 0 | 1.0
-0.12187004089355469 | 0 | 1.0
-0.14832985401153564 | 0 | 1.0
Total reward: 9.0
5.4, 5.4, 5.4, 5.4, 5.4, 5.4, 5.4, 5.4, 5.4, 5.4
parameter ends

state | action | reward
[-0.] | 0 | 1.0
-0.00301722320728004 | 0 | 1.0
-0.006829299498349428 | 0 | 1.0
-0.014554463326931 | 0 | 1.0
-0.02619422785937786 | 0 | 1.0
-0.041751231998205185 | 0 | 1.0
-0.06122877076268196 | 0 | 1.0
-0.0846300795674324 | 0 | 1.0
Total reward: 8.0
5.4, 5.4, 5.4, 5.4, 5.4, 5.4, 5.4, 5.4, 5.4, 5.4
parameter ends

state | action | reward
[-0.02] | 0 | 1.0
-0.019495204091072083 | 0 | 1.0
-0.022909250110387802 | 0 | 1.0
-0.030218301340937614 | 0 | 1.0
-0.041423920542001724 | 0 | 1.0
-0.056529268622398376 | 0 | 1.0
-0.075538769364357 | 0 | 1.0
-0.09845760464668274 | 0 | 1.0
-0.12529098987579346 | 0 | 1.0
-0.15604320168495178 | 0 | 1.0
Total reward: 10.0
5.4, 5.4, 5.4, 5.4, 5.4, 5.4, 5.4, 5.4, 5.4, 5.4
parameter ends

state | action | reward
[-0.03] | 0 | 1.0
-0.0287286676466465 | 0 | 1.0
-0.032067522406578064 | 0 | 1.0
-0.03930676355957985 | 0 | 1.0
-0.0504482164978981 | 0 | 1.0
-0.06549515575170517 | 0 | 1.0
-0.08445189148187637 | 0 | 1.0
-0.10732318460941315 | 0 | 1.0
-0.1341134011745453 | 0 | 1.0
Total reward: 9.0
