6.0, 6.0, 6.0, 6.0, 6.0, 6.0, 6.0, 6.0, 6.0, 6.0
parameter ends

state | action | reward
[0.01] | 0 | 1.0
0.007150165271013975 | 0 | 1.0
0.002796343993395567 | 0 | 1.0
-0.005456591956317425 | 0 | 1.0
-0.01761011965572834 | 0 | 1.0
-0.03366724029183388 | 0 | 1.0
-0.053632136434316635 | 0 | 1.0
-0.07750961929559708 | 0 | 1.0
-0.10530440509319305 | 0 | 1.0
-0.1370200216770172 | 0 | 1.0
Total reward: 10.0
6.0, 6.0, 6.0, 6.0, 6.0, 6.0, 6.0, 6.0, 6.0, 6.0
parameter ends

state | action | reward
[0.] | 0 | 1.0
0.003770222654566169 | 0 | 1.0
0.00032093178015202284 | 0 | 1.0
-0.0070200697518885136 | 0 | 1.0
-0.018254632130265236 | 0 | 1.0
-0.033386219292879105 | 0 | 1.0
-0.05241957679390907 | 0 | 1.0
-0.07536022365093231 | 0 | 1.0
-0.10221373289823532 | 0 | 1.0
-0.13298474252223969 | 0 | 1.0
Total reward: 10.0
6.0, 6.0, 6.0, 6.0, 6.0, 6.0, 6.0, 6.0, 6.0, 6.0
parameter ends

state | action | reward
[0.04] | 0 | 1.0
0.04274874925613403 | 0 | 1.0
0.039183586835861206 | 0 | 1.0
0.03172195330262184 | 0 | 1.0
0.020362291485071182 | 0 | 1.0
0.005101478658616543 | 0 | 1.0
-0.014064837247133255 | 0 | 1.0
-0.037141717970371246 | 0 | 1.0
-0.06413419544696808 | 0 | 1.0
-0.0950462594628334 | 0 | 1.0
Total reward: 10.0
6.0, 6.0, 6.0, 6.0, 6.0, 6.0, 6.0, 6.0, 6.0, 6.0
parameter ends

state | action | reward
[-0.04] | 0 | 1.0
-0.040946539491415024 | 0 | 1.0
-0.04532887786626816 | 0 | 1.0
-0.05362246185541153 | 0 | 1.0
-0.06582857668399811 | 0 | 1.0
-0.08194975554943085 | 0 | 1.0
-0.10198935121297836 | 0 | 1.0
-0.1259509027004242 | 0 | 1.0
-0.153837189078331 | 0 | 1.0
Total reward: 9.0
6.0, 6.0, 6.0, 6.0, 6.0, 6.0, 6.0, 6.0, 6.0, 6.0
parameter ends

state | action | reward
[-0.02] | 0 | 1.0
-0.022927816957235336 | 0 | 1.0
-0.026822103187441826 | 0 | 1.0
-0.03461427614092827 | 0 | 1.0
-0.046306170523166656 | 0 | 1.0
-0.06190112605690956 | 0 | 1.0
-0.08140359073877335 | 0 | 1.0
-0.10481857508420944 | 0 | 1.0
-0.1321508288383484 | 0 | 1.0
-0.16340377926826477 | 0 | 1.0
Total reward: 10.0
6.0, 6.0, 6.0, 6.0, 6.0, 6.0, 6.0, 6.0, 6.0, 6.0
parameter ends

state | action | reward
[0.05] | 0 | 1.0
0.04826507344841957 | 0 | 1.0
0.04520029574632645 | 0 | 1.0
0.0382237508893013 | 0 | 1.0
0.02733396552503109 | 0 | 1.0
0.012528290040791035 | 0 | 1.0
-0.006196664180606604 | 0 | 1.0
-0.028844330459833145 | 0 | 1.0
-0.05541723221540451 | 0 | 1.0
Total reward: 9.0
6.0, 6.0, 6.0, 6.0, 6.0, 6.0, 6.0, 6.0, 6.0, 6.0
parameter ends

state | action | reward
[0.03] | 0 | 1.0
0.034565407782793045 | 0 | 1.0
0.03103017993271351 | 0 | 1.0
0.02360464632511139 | 0 | 1.0
0.012286629527807236 | 0 | 1.0
-0.0029276504646986723 | 0 | 1.0
-0.02204320579767227 | 0 | 1.0
-0.04506576433777809 | 0 | 1.0
-0.07200101017951965 | 0 | 1.0
-0.10285357385873795 | 0 | 1.0
Total reward: 10.0
6.0, 6.0, 6.0, 6.0, 6.0, 6.0, 6.0, 6.0, 6.0, 6.0
parameter ends

state | action | reward
[0.02] | 0 | 1.0
0.020987434312701225 | 0 | 1.0
0.017450038343667984 | 0 | 1.0
0.01002271194010973 | 0 | 1.0
-0.001296246307902038 | 0 | 1.0
-0.01651020534336567 | 0 | 1.0
-0.035623885691165924 | 0 | 1.0
-0.05864288657903671 | 0 | 1.0
-0.08557300269603729 | 0 | 1.0
-0.11641929298639297 | 0 | 1.0
Total reward: 10.0
6.0, 6.0, 6.0, 6.0, 6.0, 6.0, 6.0, 6.0, 6.0, 6.0
parameter ends

state | action | reward
[-0.04] | 0 | 1.0
-0.038148194551467896 | 0 | 1.0
-0.04209333658218384 | 0 | 1.0
-0.049930304288864136 | 0 | 1.0
-0.061660751700401306 | 0 | 1.0
-0.07728796452283859 | 0 | 1.0
-0.09681656211614609 | 0 | 1.0
-0.12025198340415955 | 0 | 1.0
-0.14759981632232666 | 0 | 1.0
-0.17886482179164886 | 0 | 1.0
Total reward: 10.0
6.0, 6.0, 6.0, 6.0, 6.0, 6.0, 6.0, 6.0, 6.0, 6.0
parameter ends

state | action | reward
[-0.] | 0 | 1.0
-0.00480168592184782 | 0 | 1.0
-0.009002448990941048 | 0 | 1.0
-0.017091521993279457 | 0 | 1.0
-0.029071005061268806 | 0 | 1.0
-0.0449446402490139 | 0 | 1.0
-0.06471746414899826 | 0 | 1.0
-0.08839534223079681 | 0 | 1.0
-0.11598419398069382 | 0 | 1.0
-0.14748908579349518 | 0 | 1.0
Total reward: 10.0
6.0, 6.0, 6.0, 6.0, 6.0, 6.0, 6.0, 6.0, 6.0, 6.0
parameter ends

state | action | reward
[-0.02] | 0 | 1.0
-0.015764884650707245 | 0 | 1.0
-0.019015567377209663 | 0 | 1.0
-0.02617284655570984 | 0 | 1.0
-0.03723848611116409 | 0 | 1.0
-0.05221553146839142 | 0 | 1.0
-0.071107879281044 | 0 | 1.0
-0.09391959011554718 | 0 | 1.0
-0.12065399438142776 | 0 | 1.0
Total reward: 9.0
6.0, 6.0, 6.0, 6.0, 6.0, 6.0, 6.0, 6.0, 6.0, 6.0
parameter ends

state | action | reward
[0.03] | 0 | 1.0
0.033998049795627594 | 0 | 1.0
0.03061051107943058 | 0 | 1.0
0.023326581344008446 | 0 | 1.0
0.012144343927502632 | 0 | 1.0
-0.0029396258760243654 | 0 | 1.0
-0.021929899230599403 | 0 | 1.0
-0.04483162611722946 | 0 | 1.0
-0.07164975255727768 | 0 | 1.0
-0.1023879423737526 | 0 | 1.0
Total reward: 10.0
6.0, 6.0, 6.0, 6.0, 6.0, 6.0, 6.0, 6.0, 6.0, 6.0
parameter ends

state | action | reward
[-0.02] | 0 | 1.0
-0.017577633261680603 | 0 | 1.0
-0.020718492567539215 | 0 | 1.0
-0.027774175629019737 | 0 | 1.0
-0.03874595835804939 | 0 | 1.0
-0.05363624542951584 | 0 | 1.0
-0.07244811207056046 | 0 | 1.0
-0.09518460184335709 | 0 | 1.0
Total reward: 8.0
6.0, 6.0, 6.0, 6.0, 6.0, 6.0, 6.0, 6.0, 6.0, 6.0
parameter ends

state | action | reward
[-0.01] | 0 | 1.0
-0.009053557179868221 | 0 | 1.0
-0.013865431770682335 | 0 | 1.0
-0.022584162652492523 | 0 | 1.0
-0.03521142154932022 | 0 | 1.0
-0.05175017565488815 | 0 | 1.0
-0.07220425456762314 | 0 | 1.0
-0.09657769650220871 | 0 | 1.0
-0.12487385421991348 | 0 | 1.0
Total reward: 9.0
6.0, 6.0, 6.0, 6.0, 6.0, 6.0, 6.0, 6.0, 6.0, 6.0
parameter ends

state | action | reward
[-0.04] | 0 | 1.0
-0.03937475383281708 | 0 | 1.0
-0.044037602841854095 | 0 | 1.0
-0.052605606615543365 | 0 | 1.0
-0.06508011370897293 | 0 | 1.0
-0.08146386593580246 | 0 | 1.0
-0.10176065564155579 | 0 | 1.0
-0.12597469985485077 | 0 | 1.0
-0.1541098654270172 | 0 | 1.0
Total reward: 9.0
6.0, 6.0, 6.0, 6.0, 6.0, 6.0, 6.0, 6.0, 6.0, 6.0
parameter ends

state | action | reward
[0.03] | 0 | 1.0
0.029273467138409615 | 0 | 1.0
0.02627241238951683 | 0 | 1.0
0.019359005615115166 | 0 | 1.0
0.008531895466148853 | 0 | 1.0
-0.006211459171026945 | 0 | 1.0
-0.024874353781342506 | 0 | 1.0
-0.0474601648747921 | 0 | 1.0
-0.07397141307592392 | 0 | 1.0
Total reward: 9.0
6.0, 6.0, 6.0, 6.0, 6.0, 6.0, 6.0, 6.0, 6.0, 6.0
parameter ends

state | action | reward
[-0.05] | 0 | 1.0
-0.04895422235131264 | 0 | 1.0
-0.053474314510822296 | 0 | 1.0
-0.061884284019470215 | 0 | 1.0
-0.074185810983181 | 0 | 1.0
-0.09038224071264267 | 0 | 1.0
-0.11047828197479248 | 0 | 1.0
-0.13447953760623932 | 0 | 1.0
-0.1623917818069458 | 0 | 1.0
-0.19422012567520142 | 0 | 1.0
Total reward: 10.0
6.0, 6.0, 6.0, 6.0, 6.0, 6.0, 6.0, 6.0, 6.0, 6.0
parameter ends

state | action | reward
[-0.05] | 0 | 1.0
-0.04509168118238449 | 0 | 1.0
-0.04892268031835556 | 0 | 1.0
-0.05665358901023865 | 0 | 1.0
-0.06828610599040985 | 0 | 1.0
-0.08382341265678406 | 0 | 1.0
-0.1032697781920433 | 0 | 1.0
-0.1266299933195114 | 0 | 1.0
-0.15390855073928833 | 0 | 1.0
-0.18510858714580536 | 0 | 1.0
Total reward: 10.0
6.0, 6.0, 6.0, 6.0, 6.0, 6.0, 6.0, 6.0, 6.0, 6.0
parameter ends

state | action | reward
[-0.03] | 0 | 1.0
-0.027092257514595985 | 0 | 1.0
-0.031211167573928833 | 0 | 1.0
-0.03922063857316971 | 0 | 1.0
-0.0511227622628212 | 0 | 1.0
-0.06692123413085938 | 0 | 1.0
-0.0866209864616394 | 0 | 1.0
-0.11022771149873734 | 0 | 1.0
-0.13774707913398743 | 0 | 1.0
-0.16918373107910156 | 0 | 1.0
Total reward: 10.0
6.0, 6.0, 6.0, 6.0, 6.0, 6.0, 6.0, 6.0, 6.0, 6.0
parameter ends

state | action | reward
[-0.02] | 0 | 1.0
-0.02075454406440258 | 0 | 1.0
-0.02555839903652668 | 0 | 1.0
-0.03425980359315872 | 0 | 1.0
-0.0468607060611248 | 0 | 1.0
-0.06336453557014465 | 0 | 1.0
-0.08377581834793091 | 0 | 1.0
-0.10809961706399918 | 0 | 1.0
-0.1363406777381897 | 0 | 1.0
-0.16850239038467407 | 0 | 1.0
Total reward: 10.0
