-5.0, -5.0, -5.0, -5.0, -5.0, -5.0, -5.0, -5.0, -5.0, -5.0
parameter ends

state | action | reward
[-0.01] | 0 | 1.0
-0.008175990544259548 | 0 | 1.0
-0.012906895019114017 | 0 | 1.0
-0.021551750600337982 | 0 | 1.0
-0.03411189839243889 | 0 | 1.0
-0.050589822232723236 | 0 | 1.0
-0.07098869234323502 | 0 | 1.0
-0.09531164914369583 | 0 | 1.0
Total reward: 8.0
-5.0, -5.0, -5.0, -5.0, -5.0, -5.0, -5.0, -5.0, -5.0, -5.0
parameter ends

state | action | reward
[0.01] | 0 | 1.0
0.009792805649340153 | 0 | 1.0
0.006286086980253458 | 0 | 1.0
-0.0011103011202067137 | 0 | 1.0
-0.012398299761116505 | 0 | 1.0
-0.027581484988331795 | 0 | 1.0
-0.04666474834084511 | 0 | 1.0
-0.06965377926826477 | 0 | 1.0
-0.09655439108610153 | 0 | 1.0
-0.12737150490283966 | 0 | 1.0
Total reward: 10.0
-5.0, -5.0, -5.0, -5.0, -5.0, -5.0, -5.0, -5.0, -5.0, -5.0
parameter ends

state | action | reward
[-0.01] | 0 | 1.0
-0.011719748377799988 | 0 | 1.0
-0.014774772338569164 | 0 | 1.0
-0.021726155653595924 | 0 | 1.0
-0.03257586434483528 | 0 | 1.0
-0.047327376902103424 | 0 | 1.0
-0.0659852921962738 | 0 | 1.0
-0.08855477720499039 | 0 | 1.0
-0.11504075676202774 | 0 | 1.0
-0.14544685184955597 | 0 | 1.0
Total reward: 10.0
-5.0, -5.0, -5.0, -5.0, -5.0, -5.0, -5.0, -5.0, -5.0, -5.0
parameter ends

state | action | reward
[0.05] | 0 | 1.0
0.05094020441174507 | 0 | 1.0
0.04804881289601326 | 0 | 1.0
0.041268859058618546 | 0 | 1.0
0.03059864416718483 | 0 | 1.0
0.016034778207540512 | 0 | 1.0
-0.0024275099858641624 | 0 | 1.0
-0.02479390986263752 | 0 | 1.0
-0.05107036232948303 | 0 | 1.0
-0.08126215636730194 | 0 | 1.0
-0.11537270247936249 | 0 | 1.0
Total reward: 11.0
-5.0, -5.0, -5.0, -5.0, -5.0, -5.0, -5.0, -5.0, -5.0, -5.0
parameter ends

state | action | reward
[0.05] | 0 | 1.0
0.05010845139622688 | 0 | 1.0
0.04668032377958298 | 0 | 1.0
0.03936093673110008 | 0 | 1.0
0.028148256242275238 | 0 | 1.0
0.01303865760564804 | 0 | 1.0
-0.005972737446427345 | 0 | 1.0
-0.028891535475850105 | 0 | 1.0
-0.05572333186864853 | 0 | 1.0
-0.08647270500659943 | 0 | 1.0
Total reward: 10.0
-5.0, -5.0, -5.0, -5.0, -5.0, -5.0, -5.0, -5.0, -5.0, -5.0
parameter ends

state | action | reward
[-0.05] | 0 | 1.0
-0.04717741534113884 | 0 | 1.0
-0.05145406723022461 | 0 | 1.0
-0.0596327967941761 | 0 | 1.0
-0.07171507179737091 | 0 | 1.0
-0.08770381659269333 | 0 | 1.0
-0.107603058218956 | 0 | 1.0
-0.13141734898090363 | 0 | 1.0
-0.15915094316005707 | 0 | 1.0
-0.1908067911863327 | 0 | 1.0
Total reward: 10.0
-5.0, -5.0, -5.0, -5.0, -5.0, -5.0, -5.0, -5.0, -5.0, -5.0
parameter ends

state | action | reward
[0.04] | 0 | 1.0
0.04133056849241257 | 0 | 1.0
0.03740295395255089 | 0 | 1.0
0.02956136129796505 | 0 | 1.0
0.01780429668724537 | 0 | 1.0
0.0021291605662554502 | 0 | 1.0
-0.017467260360717773 | 0 | 1.0
-0.04098806530237198 | 0 | 1.0
Total reward: 8.0
-5.0, -5.0, -5.0, -5.0, -5.0, -5.0, -5.0, -5.0, -5.0, -5.0
parameter ends

state | action | reward
[-0.] | 0 | 1.0
-0.0026753952261060476 | 0 | 1.0
-0.006442377343773842 | 0 | 1.0
-0.014106608927249908 | 0 | 1.0
-0.025669792667031288 | 0 | 1.0
-0.04113515838980675 | 0 | 1.0
-0.060507114976644516 | 0 | 1.0
-0.08379068970680237 | 0 | 1.0
-0.11099077016115189 | 0 | 1.0
-0.14211106300354004 | 0 | 1.0
Total reward: 10.0
-5.0, -5.0, -5.0, -5.0, -5.0, -5.0, -5.0, -5.0, -5.0, -5.0
parameter ends

state | action | reward
[-0.03] | 0 | 1.0
-0.03492579981684685 | 0 | 1.0
-0.039459146559238434 | 0 | 1.0
-0.04788423702120781 | 0 | 1.0
-0.060202840715646744 | 0 | 1.0
-0.07641836255788803 | 0 | 1.0
-0.09653550386428833 | 0 | 1.0
-0.12055974453687668 | 0 | 1.0
-0.14849667251110077 | 0 | 1.0
-0.18035098910331726 | 0 | 1.0
Total reward: 10.0
-5.0, -5.0, -5.0, -5.0, -5.0, -5.0, -5.0, -5.0, -5.0, -5.0
parameter ends

state | action | reward
[-0.02] | 0 | 1.0
-0.021793555468320847 | 0 | 1.0
-0.02650878019630909 | 0 | 1.0
-0.03511732444167137 | 0 | 1.0
-0.04762113094329834 | 0 | 1.0
-0.06402371823787689 | 0 | 1.0
-0.08432981371879578 | 0 | 1.0
-0.10854484140872955 | 0 | 1.0
-0.13667415082454681 | 0 | 1.0
-0.1687220185995102 | 0 | 1.0
Total reward: 10.0
-5.0, -5.0, -5.0, -5.0, -5.0, -5.0, -5.0, -5.0, -5.0, -5.0
parameter ends

state | action | reward
[0.04] | 0 | 1.0
0.036683883517980576 | 0 | 1.0
0.032203659415245056 | 0 | 1.0
0.023814383894205093 | 0 | 1.0
0.011514765210449696 | 0 | 1.0
-0.004697788972407579 | 0 | 1.0
-0.024826785549521446 | 0 | 1.0
-0.04887602478265762 | 0 | 1.0
-0.07684872299432755 | 0 | 1.0
Total reward: 9.0
-5.0, -5.0, -5.0, -5.0, -5.0, -5.0, -5.0, -5.0, -5.0, -5.0
parameter ends

state | action | reward
[-0.04] | 0 | 1.0
-0.0413796491920948 | 0 | 1.0
-0.045692555606365204 | 0 | 1.0
-0.05392036214470863 | 0 | 1.0
-0.06606432795524597 | 0 | 1.0
-0.08212682604789734 | 0 | 1.0
-0.10211091488599777 | 0 | 1.0
-0.12601962685585022 | 0 | 1.0
Total reward: 8.0
-5.0, -5.0, -5.0, -5.0, -5.0, -5.0, -5.0, -5.0, -5.0, -5.0
parameter ends

state | action | reward
[-0.04] | 0 | 1.0
-0.044622741639614105 | 0 | 1.0
-0.048343952745199203 | 0 | 1.0
-0.05597648024559021 | 0 | 1.0
-0.06752173602581024 | 0 | 1.0
-0.08298235386610031 | 0 | 1.0
-0.10236172378063202 | 0 | 1.0
-0.12566335499286652 | 0 | 1.0
-0.1528899222612381 | 0 | 1.0
Total reward: 9.0
-5.0, -5.0, -5.0, -5.0, -5.0, -5.0, -5.0, -5.0, -5.0, -5.0
parameter ends

state | action | reward
[-0.04] | 0 | 1.0
-0.036879487335681915 | 0 | 1.0
-0.0398339219391346 | 0 | 1.0
-0.04669889807701111 | 0 | 1.0
-0.05747604742646217 | 0 | 1.0
-0.07216817885637283 | 0 | 1.0
-0.09077883511781693 | 0 | 1.0
-0.11331158131361008 | 0 | 1.0
-0.1397690623998642 | 0 | 1.0
Total reward: 9.0
-5.0, -5.0, -5.0, -5.0, -5.0, -5.0, -5.0, -5.0, -5.0, -5.0
parameter ends

state | action | reward
[0.05] | 0 | 1.0
0.04885823279619217 | 0 | 1.0
0.04563499614596367 | 0 | 1.0
0.03850425407290459 | 0 | 1.0
0.027464644983410835 | 0 | 1.0
0.012513465248048306 | 0 | 1.0
-0.006352927535772324 | 0 | 1.0
-0.029138509184122086 | 0 | 1.0
-0.055846720933914185 | 0 | 1.0
Total reward: 9.0
-5.0, -5.0, -5.0, -5.0, -5.0, -5.0, -5.0, -5.0, -5.0, -5.0
parameter ends

state | action | reward
[-0.] | 0 | 1.0
-0.003682533046230674 | 0 | 1.0
-0.006995165254920721 | 0 | 1.0
-0.014206530526280403 | 0 | 1.0
-0.025318313390016556 | 0 | 1.0
-0.04033369570970535 | 0 | 1.0
-0.05925699323415756 | 0 | 1.0
-0.08209310472011566 | 0 | 1.0
-0.10884672403335571 | 0 | 1.0
-0.13952124118804932 | 0 | 1.0
Total reward: 10.0
-5.0, -5.0, -5.0, -5.0, -5.0, -5.0, -5.0, -5.0, -5.0, -5.0
parameter ends

state | action | reward
[-0.01] | 0 | 1.0
-0.007679703179746866 | 0 | 1.0
-0.011195621453225613 | 0 | 1.0
-0.018620982766151428 | 0 | 1.0
-0.029957225546240807 | 0 | 1.0
-0.045207057148218155 | 0 | 1.0
-0.06437402218580246 | 0 | 1.0
-0.08746187388896942 | 0 | 1.0
-0.1144736260175705 | 0 | 1.0
Total reward: 9.0
-5.0, -5.0, -5.0, -5.0, -5.0, -5.0, -5.0, -5.0, -5.0, -5.0
parameter ends

state | action | reward
[0.04] | 0 | 1.0
0.04229075834155083 | 0 | 1.0
0.03863197937607765 | 0 | 1.0
0.03108195774257183 | 0 | 1.0
0.019638778641819954 | 0 | 1.0
0.004298910964280367 | 0 | 1.0
-0.014942450448870659 | 0 | 1.0
-0.03809088096022606 | 0 | 1.0
-0.06515199691057205 | 0 | 1.0
-0.09613047540187836 | 0 | 1.0
Total reward: 10.0
-5.0, -5.0, -5.0, -5.0, -5.0, -5.0, -5.0, -5.0, -5.0, -5.0
parameter ends

state | action | reward
[-0.03] | 0 | 1.0
-0.025672946125268936 | 0 | 1.0
-0.029413267970085144 | 0 | 1.0
-0.037066228687763214 | 0 | 1.0
-0.04863334819674492 | 0 | 1.0
-0.06411729753017426 | 0 | 1.0
-0.08352140337228775 | 0 | 1.0
-0.10684897005558014 | 0 | 1.0
Total reward: 8.0
-5.0, -5.0, -5.0, -5.0, -5.0, -5.0, -5.0, -5.0, -5.0, -5.0
parameter ends

state | action | reward
[0.04] | 0 | 1.0
0.041859738528728485 | 0 | 1.0
0.038678232580423355 | 0 | 1.0
0.031589582562446594 | 0 | 1.0
0.020592372864484787 | 0 | 1.0
0.005683855153620243 | 0 | 1.0
-0.013139665126800537 | 0 | 1.0
-0.03588220477104187 | 0 | 1.0
-0.0625472366809845 | 0 | 1.0
Total reward: 9.0
