5.5, 5.5, 5.5, 5.5, 5.5, 5.5, 5.5, 5.5, 5.5, 5.5
parameter ends

state | action | reward
[0.04] | 0 | 1.0
0.0403180792927742 | 0 | 1.0
0.03589513152837753 | 0 | 1.0
0.027557047083973885 | 0 | 1.0
0.015302438288927078 | 0 | 1.0
-0.0008711676928214729 | 0 | 1.0
-0.020966848358511925 | 0 | 1.0
-0.04498756304383278 | 0 | 1.0
Total reward: 8.0
5.5, 5.5, 5.5, 5.5, 5.5, 5.5, 5.5, 5.5, 5.5, 5.5
parameter ends

state | action | reward
[-0.01] | 0 | 1.0
-0.004811495542526245 | 0 | 1.0
-0.008341878652572632 | 0 | 1.0
-0.01576988585293293 | 0 | 1.0
-0.027097532525658607 | 0 | 1.0
-0.04232830926775932 | 0 | 1.0
-0.06146678701043129 | 0 | 1.0
-0.08451801538467407 | 0 | 1.0
-0.11148671060800552 | 0 | 1.0
-0.14237616956233978 | 0 | 1.0
Total reward: 10.0
5.5, 5.5, 5.5, 5.5, 5.5, 5.5, 5.5, 5.5, 5.5, 5.5
parameter ends

state | action | reward
[-0.01] | 0 | 1.0
-0.006544414442032576 | 0 | 1.0
-0.010708916001021862 | 0 | 1.0
-0.018772851675748825 | 0 | 1.0
-0.03073805570602417 | 0 | 1.0
-0.04660781845450401 | 0 | 1.0
-0.06638650596141815 | 0 | 1.0
-0.09007897228002548 | 0 | 1.0
-0.11768974363803864 | 0 | 1.0
-0.14922189712524414 | 0 | 1.0
Total reward: 10.0
5.5, 5.5, 5.5, 5.5, 5.5, 5.5, 5.5, 5.5, 5.5, 5.5
parameter ends

state | action | reward
[-0.] | 0 | 1.0
-0.0016368342330679297 | 0 | 1.0
-0.0049836598336696625 | 0 | 1.0
-0.012230346910655499 | 0 | 1.0
-0.023378843441605568 | 0 | 1.0
-0.038432527333498 | 0 | 1.0
-0.05739579722285271 | 0 | 1.0
-0.08027348667383194 | 0 | 1.0
-0.10706999152898788 | 0 | 1.0
Total reward: 9.0
5.5, 5.5, 5.5, 5.5, 5.5, 5.5, 5.5, 5.5, 5.5, 5.5
parameter ends

state | action | reward
[0.01] | 0 | 1.0
0.0104773985221982 | 0 | 1.0
0.006216073874384165 | 0 | 1.0
-0.0019566661212593317 | 0 | 1.0
-0.014042289927601814 | 0 | 1.0
-0.0300434622913599 | 0 | 1.0
-0.04996359720826149 | 0 | 1.0
-0.07380618155002594 | 0 | 1.0
-0.10157380253076553 | 0 | 1.0
Total reward: 9.0
5.5, 5.5, 5.5, 5.5, 5.5, 5.5, 5.5, 5.5, 5.5, 5.5
parameter ends

state | action | reward
[-0.05] | 0 | 1.0
-0.04953126981854439 | 0 | 1.0
-0.05343908816576004 | 0 | 1.0
-0.06124935671687126 | 0 | 1.0
-0.07296358048915863 | 0 | 1.0
-0.08858472108840942 | 0 | 1.0
-0.10811679810285568 | 0 | 1.0
-0.13156433403491974 | 0 | 1.0
-0.15893150866031647 | 0 | 1.0
Total reward: 9.0
5.5, 5.5, 5.5, 5.5, 5.5, 5.5, 5.5, 5.5, 5.5, 5.5
parameter ends

state | action | reward
[-0.04] | 0 | 1.0
-0.036641184240579605 | 0 | 1.0
-0.041371479630470276 | 0 | 1.0
-0.04999550059437752 | 0 | 1.0
-0.06251490116119385 | 0 | 1.0
-0.07893293350934982 | 0 | 1.0
-0.09925413131713867 | 0 | 1.0
-0.12348379194736481 | 0 | 1.0
-0.15162727236747742 | 0 | 1.0
-0.18368901312351227 | 0 | 1.0
Total reward: 10.0
5.5, 5.5, 5.5, 5.5, 5.5, 5.5, 5.5, 5.5, 5.5, 5.5
parameter ends

state | action | reward
[0.02] | 0 | 1.0
0.01743299327790737 | 0 | 1.0
0.01341600064188242 | 0 | 1.0
0.005486933048814535 | 0 | 1.0
-0.006355636287480593 | 0 | 1.0
-0.02211431786417961 | 0 | 1.0
-0.04179245978593826 | 0 | 1.0
-0.06539346277713776 | 0 | 1.0
-0.09291982650756836 | 0 | 1.0
Total reward: 9.0
5.5, 5.5, 5.5, 5.5, 5.5, 5.5, 5.5, 5.5, 5.5, 5.5
parameter ends

state | action | reward
[-0.03] | 0 | 1.0
-0.03262783959507942 | 0 | 1.0
-0.0361638106405735 | 0 | 1.0
-0.04359452798962593 | 0 | 1.0
-0.05492193624377251 | 0 | 1.0
-0.07014951854944229 | 0 | 1.0
-0.08928194642066956 | 0 | 1.0
-0.11232451349496841 | 0 | 1.0
-0.13928239047527313 | 0 | 1.0
-0.17015954852104187 | 0 | 1.0
Total reward: 10.0
5.5, 5.5, 5.5, 5.5, 5.5, 5.5, 5.5, 5.5, 5.5, 5.5
parameter ends

state | action | reward
[0.03] | 0 | 1.0
0.02853427268564701 | 0 | 1.0
0.02507593110203743 | 0 | 1.0
0.017716463655233383 | 0 | 1.0
0.006454151123762131 | 0 | 1.0
-0.008714165538549423 | 0 | 1.0
-0.02779269777238369 | 0 | 1.0
-0.05078611895442009 | 0 | 1.0
-0.07769874483346939 | 0 | 1.0
Total reward: 9.0
5.5, 5.5, 5.5, 5.5, 5.5, 5.5, 5.5, 5.5, 5.5, 5.5
parameter ends

state | action | reward
[-0.02] | 0 | 1.0
-0.02267732284963131 | 0 | 1.0
-0.02645261399447918 | 0 | 1.0
-0.03413795307278633 | 0 | 1.0
-0.04573481157422066 | 0 | 1.0
-0.06124591454863548 | 0 | 1.0
-0.08067478239536285 | 0 | 1.0
-0.10402508080005646 | 0 | 1.0
-0.1312996745109558 | 0 | 1.0
Total reward: 9.0
5.5, 5.5, 5.5, 5.5, 5.5, 5.5, 5.5, 5.5, 5.5, 5.5
parameter ends

state | action | reward
[0.05] | 0 | 1.0
0.04813099279999733 | 0 | 1.0
0.04468917474150658 | 0 | 1.0
0.03734305128455162 | 0 | 1.0
0.026090962812304497 | 0 | 1.0
0.01092988159507513 | 0 | 1.0
-0.008144183084368706 | 0 | 1.0
-0.031135570257902145 | 0 | 1.0
-0.05804809555411339 | 0 | 1.0
Total reward: 9.0
5.5, 5.5, 5.5, 5.5, 5.5, 5.5, 5.5, 5.5, 5.5, 5.5
parameter ends

state | action | reward
[-0.02] | 0 | 1.0
-0.022010691463947296 | 0 | 1.0
-0.026258114725351334 | 0 | 1.0
-0.034414224326610565 | 0 | 1.0
-0.04648035392165184 | 0 | 1.0
-0.06245914474129677 | 0 | 1.0
-0.08235415071249008 | 0 | 1.0
-0.1061692088842392 | 0 | 1.0
-0.13390757143497467 | 0 | 1.0
Total reward: 9.0
5.5, 5.5, 5.5, 5.5, 5.5, 5.5, 5.5, 5.5, 5.5, 5.5
parameter ends

state | action | reward
[0.02] | 0 | 1.0
0.017859753221273422 | 0 | 1.0
0.013029588386416435 | 0 | 1.0
0.004284949507564306 | 0 | 1.0
-0.008375364355742931 | 0 | 1.0
-0.024953709915280342 | 0 | 1.0
-0.045453161001205444 | 0 | 1.0
-0.06987683475017548 | 0 | 1.0
Total reward: 8.0
5.5, 5.5, 5.5, 5.5, 5.5, 5.5, 5.5, 5.5, 5.5, 5.5
parameter ends

state | action | reward
[-0.02] | 0 | 1.0
-0.018475936725735664 | 0 | 1.0
-0.021923525258898735 | 0 | 1.0
-0.029274480417370796 | 0 | 1.0
-0.04053051024675369 | 0 | 1.0
-0.05569470301270485 | 0 | 1.0
-0.07477113604545593 | 0 | 1.0
-0.09776424616575241 | 0 | 1.0
-0.12467798590660095 | 0 | 1.0
Total reward: 9.0
5.5, 5.5, 5.5, 5.5, 5.5, 5.5, 5.5, 5.5, 5.5, 5.5
parameter ends

state | action | reward
[0.03] | 0 | 1.0
0.02716713584959507 | 0 | 1.0
0.02260655350983143 | 0 | 1.0
0.01415147352963686 | 0 | 1.0
0.001800038036890328 | 0 | 1.0
-0.014451175928115845 | 0 | 1.0
-0.034606799483299255 | 0 | 1.0
-0.05867213010787964 | 0 | 1.0
-0.08665239065885544 | 0 | 1.0
-0.11855168640613556 | 0 | 1.0
Total reward: 10.0
5.5, 5.5, 5.5, 5.5, 5.5, 5.5, 5.5, 5.5, 5.5, 5.5
parameter ends

state | action | reward
[0.] | 0 | 1.0
0.0015450787032023072 | 0 | 1.0
-0.0033074752427637577 | 0 | 1.0
-0.01206922810524702 | 0 | 1.0
-0.02474166266620159 | 0 | 1.0
-0.04132752865552902 | 0 | 1.0
-0.06183041259646416 | 0 | 1.0
-0.08625408262014389 | 0 | 1.0
-0.11460157483816147 | 0 | 1.0
Total reward: 9.0
5.5, 5.5, 5.5, 5.5, 5.5, 5.5, 5.5, 5.5, 5.5, 5.5
parameter ends

state | action | reward
[-0.01] | 0 | 1.0
-0.012537380680441856 | 0 | 1.0
-0.016769880428910255 | 0 | 1.0
-0.02490689605474472 | 0 | 1.0
-0.03695026412606239 | 0 | 1.0
-0.052903153002262115 | 0 | 1.0
-0.07276961952447891 | 0 | 1.0
-0.0965539887547493 | 0 | 1.0
-0.12425992637872696 | 0 | 1.0
Total reward: 9.0
5.5, 5.5, 5.5, 5.5, 5.5, 5.5, 5.5, 5.5, 5.5, 5.5
parameter ends

state | action | reward
[0.03] | 0 | 1.0
0.02769588679075241 | 0 | 1.0
0.024004673585295677 | 0 | 1.0
0.0164051353931427 | 0 | 1.0
0.004895993508398533 | 0 | 1.0
-0.010525370016694069 | 0 | 1.0
-0.029862508177757263 | 0 | 1.0
-0.05311930552124977 | 0 | 1.0
-0.08029910922050476 | 0 | 1.0
Total reward: 9.0
5.5, 5.5, 5.5, 5.5, 5.5, 5.5, 5.5, 5.5, 5.5, 5.5
parameter ends

state | action | reward
[-0.] | 0 | 1.0
-0.0015717708738520741 | 0 | 1.0
-0.004618830978870392 | 0 | 1.0
-0.011569264344871044 | 0 | 1.0
-0.022424625232815742 | 0 | 1.0
-0.037187881767749786 | 0 | 1.0
-0.05586303025484085 | 0 | 1.0
-0.07845449447631836 | 0 | 1.0
-0.10496631264686584 | 0 | 1.0
Total reward: 9.0
