5.3, 5.3, 5.3, 5.3, 5.3, 5.3, 5.3, 5.3, 5.3, 5.3
parameter ends

state | action | reward
[-0.05] | 0 | 1.0
-0.047169387340545654 | 0 | 1.0
-0.05192193016409874 | 0 | 1.0
-0.060588885098695755 | 0 | 1.0
-0.07317173480987549 | 0 | 1.0
-0.08967304974794388 | 0 | 1.0
-0.11009599268436432 | 0 | 1.0
-0.13444361090660095 | 0 | 1.0
Total reward: 8.0
5.3, 5.3, 5.3, 5.3, 5.3, 5.3, 5.3, 5.3, 5.3, 5.3
parameter ends

state | action | reward
[0.01] | 0 | 1.0
0.008812556974589825 | 0 | 1.0
0.005842593032866716 | 0 | 1.0
-0.0010319126304239035 | 0 | 1.0
-0.01181259285658598 | 0 | 1.0
-0.026502450928092003 | 0 | 1.0
-0.045105449855327606 | 0 | 1.0
-0.06762590259313583 | 0 | 1.0
-0.09406759589910507 | 0 | 1.0
Total reward: 9.0
5.3, 5.3, 5.3, 5.3, 5.3, 5.3, 5.3, 5.3, 5.3, 5.3
parameter ends

state | action | reward
[0.01] | 0 | 1.0
0.008266471326351166 | 0 | 1.0
0.00500204972922802 | 0 | 1.0
-0.002162297023460269 | 0 | 1.0
-0.013228260912001133 | 0 | 1.0
-0.028199005872011185 | 0 | 1.0
-0.04707879573106766 | 0 | 1.0
-0.0698724165558815 | 0 | 1.0
-0.09658437222242355 | 0 | 1.0
-0.12721779942512512 | 0 | 1.0
Total reward: 10.0
5.3, 5.3, 5.3, 5.3, 5.3, 5.3, 5.3, 5.3, 5.3, 5.3
parameter ends

state | action | reward
[0.02] | 0 | 1.0
0.018908020108938217 | 0 | 1.0
0.015867939218878746 | 0 | 1.0
0.008936096914112568 | 0 | 1.0
-0.0018896575784310699 | 0 | 1.0
-0.01661304198205471 | 0 | 1.0
-0.03523898869752884 | 0 | 1.0
-0.05777309462428093 | 0 | 1.0
-0.08422087132930756 | 0 | 1.0
-0.11458669602870941 | 0 | 1.0
Total reward: 10.0
5.3, 5.3, 5.3, 5.3, 5.3, 5.3, 5.3, 5.3, 5.3, 5.3
parameter ends

state | action | reward
[0.01] | 0 | 1.0
0.010431901551783085 | 0 | 1.0
0.006813655141741037 | 0 | 1.0
-0.0006970412796363235 | 0 | 1.0
-0.01210225373506546 | 0 | 1.0
-0.027405617758631706 | 0 | 1.0
-0.046611983329057693 | 0 | 1.0
-0.0697268694639206 | 0 | 1.0
-0.09675570577383041 | 0 | 1.0
-0.12770283222198486 | 0 | 1.0
Total reward: 10.0
5.3, 5.3, 5.3, 5.3, 5.3, 5.3, 5.3, 5.3, 5.3, 5.3
parameter ends

state | action | reward
[0.02] | 0 | 1.0
0.015817303210496902 | 0 | 1.0
0.01113856490701437 | 0 | 1.0
0.0025712877977639437 | 0 | 1.0
-0.009886139072477818 | 0 | 1.0
-0.026237020269036293 | 0 | 1.0
-0.04648606479167938 | 0 | 1.0
-0.07063892483711243 | 0 | 1.0
-0.09870155900716782 | 0 | 1.0
-0.13067929446697235 | 0 | 1.0
-0.16657568514347076 | 0 | 1.0
Total reward: 11.0
5.3, 5.3, 5.3, 5.3, 5.3, 5.3, 5.3, 5.3, 5.3, 5.3
parameter ends

state | action | reward
[0.02] | 0 | 1.0
0.019994184374809265 | 0 | 1.0
0.015543396584689617 | 0 | 1.0
0.00720324506983161 | 0 | 1.0
-0.005027893465012312 | 0 | 1.0
-0.021153321489691734 | 0 | 1.0
-0.04117772728204727 | 0 | 1.0
-0.06510671228170395 | 0 | 1.0
-0.09294614940881729 | 0 | 1.0
-0.12470123171806335 | 0 | 1.0
-0.16037529706954956 | 0 | 1.0
Total reward: 11.0
5.3, 5.3, 5.3, 5.3, 5.3, 5.3, 5.3, 5.3, 5.3, 5.3
parameter ends

state | action | reward
[-0.02] | 0 | 1.0
-0.025325315073132515 | 0 | 1.0
-0.029769130051136017 | 0 | 1.0
-0.03811600059270859 | 0 | 1.0
-0.05036778002977371 | 0 | 1.0
-0.06652770191431046 | 0 | 1.0
-0.0865999236702919 | 0 | 1.0
-0.1105889305472374 | 0 | 1.0
-0.13849863409996033 | 0 | 1.0
Total reward: 9.0
5.3, 5.3, 5.3, 5.3, 5.3, 5.3, 5.3, 5.3, 5.3, 5.3
parameter ends

state | action | reward
[0.02] | 0 | 1.0
0.023004600778222084 | 0 | 1.0
0.019336052238941193 | 0 | 1.0
0.011763842776417732 | 0 | 1.0
0.00028646879945881665 | 0 | 1.0
-0.015098989941179752 | 0 | 1.0
-0.03439648449420929 | 0 | 1.0
-0.0576104111969471 | 0 | 1.0
-0.08474478125572205 | 0 | 1.0
Total reward: 9.0
5.3, 5.3, 5.3, 5.3, 5.3, 5.3, 5.3, 5.3, 5.3, 5.3
parameter ends

state | action | reward
[0.01] | 0 | 1.0
0.01209895871579647 | 0 | 1.0
0.009131871163845062 | 0 | 1.0
0.0022648759186267853 | 0 | 1.0
-0.0085038673132658 | 0 | 1.0
-0.023177646100521088 | 0 | 1.0
-0.041760802268981934 | 0 | 1.0
-0.0642581433057785 | 0 | 1.0
-0.09067412465810776 | 0 | 1.0
-0.12101170420646667 | 0 | 1.0
Total reward: 10.0
5.3, 5.3, 5.3, 5.3, 5.3, 5.3, 5.3, 5.3, 5.3, 5.3
parameter ends

state | action | reward
[-0.04] | 0 | 1.0
-0.03648516908288002 | 0 | 1.0
-0.040215782821178436 | 0 | 1.0
-0.047834645956754684 | 0 | 1.0
-0.0593436136841774 | 0 | 1.0
-0.07474621385335922 | 0 | 1.0
-0.09404733031988144 | 0 | 1.0
-0.11725272238254547 | 0 | 1.0
-0.14436838030815125 | 0 | 1.0
-0.175399512052536 | 0 | 1.0
-0.2103494256734848 | 0 | 1.0
Total reward: 11.0
5.3, 5.3, 5.3, 5.3, 5.3, 5.3, 5.3, 5.3, 5.3, 5.3
parameter ends

state | action | reward
[-0.04] | 0 | 1.0
-0.03559001907706261 | 0 | 1.0
-0.03914456441998482 | 0 | 1.0
-0.046600427478551865 | 0 | 1.0
-0.05795939639210701 | 0 | 1.0
-0.07322467863559723 | 0 | 1.0
-0.09240050613880157 | 0 | 1.0
-0.11549153923988342 | 0 | 1.0
-0.1425020396709442 | 0 | 1.0
Total reward: 9.0
5.3, 5.3, 5.3, 5.3, 5.3, 5.3, 5.3, 5.3, 5.3, 5.3
parameter ends

state | action | reward
[0.01] | 0 | 1.0
0.01227662805467844 | 0 | 1.0
0.008545471355319023 | 0 | 1.0
0.0009092501131817698 | 0 | 1.0
-0.010633641853928566 | 0 | 1.0
-0.026086168363690376 | 0 | 1.0
-0.04545225203037262 | 0 | 1.0
-0.06873614341020584 | 0 | 1.0
-0.09594155848026276 | 0 | 1.0
Total reward: 9.0
5.3, 5.3, 5.3, 5.3, 5.3, 5.3, 5.3, 5.3, 5.3, 5.3
parameter ends

state | action | reward
[0.02] | 0 | 1.0
0.017284784466028214 | 0 | 1.0
0.01326670404523611 | 0 | 1.0
0.005350534338504076 | 0 | 1.0
-0.006465205457061529 | 0 | 1.0
-0.02218354120850563 | 0 | 1.0
-0.04180870205163956 | 0 | 1.0
-0.06534560024738312 | 0 | 1.0
-0.09279906749725342 | 0 | 1.0
-0.12417285144329071 | 0 | 1.0
Total reward: 10.0
5.3, 5.3, 5.3, 5.3, 5.3, 5.3, 5.3, 5.3, 5.3, 5.3
parameter ends

state | action | reward
[0.01] | 0 | 1.0
0.010250973515212536 | 0 | 1.0
0.007317904382944107 | 0 | 1.0
0.00047617379459552467 | 0 | 1.0
-0.0102757029235363 | 0 | 1.0
-0.02494049072265625 | 0 | 1.0
-0.04352181404829025 | 0 | 1.0
-0.06602350622415543 | 0 | 1.0
-0.09244871884584427 | 0 | 1.0
Total reward: 9.0
5.3, 5.3, 5.3, 5.3, 5.3, 5.3, 5.3, 5.3, 5.3, 5.3
parameter ends

state | action | reward
[0.] | 0 | 1.0
0.00270647369325161 | 0 | 1.0
-0.0007530772709287703 | 0 | 1.0
-0.00812236312776804 | 0 | 1.0
-0.019403014332056046 | 0 | 1.0
-0.03459787741303444 | 0 | 1.0
-0.05371055752038956 | 0 | 1.0
-0.07674473524093628 | 0 | 1.0
-0.10370321571826935 | 0 | 1.0
Total reward: 9.0
5.3, 5.3, 5.3, 5.3, 5.3, 5.3, 5.3, 5.3, 5.3, 5.3
parameter ends

state | action | reward
[0.02] | 0 | 1.0
0.020250126719474792 | 0 | 1.0
0.01644451729953289 | 0 | 1.0
0.00873265229165554 | 0 | 1.0
-0.002886922797188163 | 0 | 1.0
-0.01841702125966549 | 0 | 1.0
-0.0378614142537117 | 0 | 1.0
-0.06122421473264694 | 0 | 1.0
-0.08850903064012527 | 0 | 1.0
Total reward: 9.0
5.3, 5.3, 5.3, 5.3, 5.3, 5.3, 5.3, 5.3, 5.3, 5.3
parameter ends

state | action | reward
[0.02] | 0 | 1.0
0.021338751539587975 | 0 | 1.0
0.017110252752900124 | 0 | 1.0
0.00896616093814373 | 0 | 1.0
-0.0030949744395911694 | 0 | 1.0
-0.019075650721788406 | 0 | 1.0
-0.03897891566157341 | 0 | 1.0
-0.06280763447284698 | 0 | 1.0
Total reward: 8.0
5.3, 5.3, 5.3, 5.3, 5.3, 5.3, 5.3, 5.3, 5.3, 5.3
parameter ends

state | action | reward
[0.04] | 0 | 1.0
0.03925790265202522 | 0 | 1.0
0.03543490171432495 | 0 | 1.0
0.027695801109075546 | 0 | 1.0
0.016039162874221802 | 0 | 1.0
0.00046251629828475416 | 0 | 1.0
-0.019037136808037758 | 0 | 1.0
-0.04246257618069649 | 0 | 1.0
Total reward: 8.0
5.3, 5.3, 5.3, 5.3, 5.3, 5.3, 5.3, 5.3, 5.3, 5.3
parameter ends

state | action | reward
[-9.69e-05] | 0 | 1.0
0.0005819888901896775 | 0 | 1.0
-0.0026378887705504894 | 0 | 1.0
-0.009756423532962799 | 0 | 1.0
-0.02077518217265606 | 0 | 1.0
-0.03569725155830383 | 0 | 1.0
-0.054526880383491516 | 0 | 1.0
-0.07726895064115524 | 0 | 1.0
-0.10392820835113525 | 0 | 1.0
-0.1345081776380539 | 0 | 1.0
Total reward: 10.0
