5.3, 5.3, 5.3, 5.3, 5.3, 5.3, 5.3, 5.3, 5.3, 5.3
parameter ends

state | action | reward
[-0.04] | 0 | 1.0
-0.041474804282188416 | 0 | 1.0
-0.044926051050424576 | 0 | 1.0
-0.0522647351026535 | 0 | 1.0
-0.06349265575408936 | 0 | 1.0
-0.07861330360174179 | 0 | 1.0
-0.0976315587759018 | 0 | 1.0
-0.12055321037769318 | 0 | 1.0
-0.14738433063030243 | 0 | 1.0
-0.17813031375408173 | 0 | 1.0
-0.2127947211265564 | 0 | 1.0
Total reward: 11.0
5.3, 5.3, 5.3, 5.3, 5.3, 5.3, 5.3, 5.3, 5.3, 5.3
parameter ends

state | action | reward
[-0.02] | 0 | 1.0
-0.019428886473178864 | 0 | 1.0
-0.023278404027223587 | 0 | 1.0
-0.031039251014590263 | 0 | 1.0
-0.042712800204753876 | 0 | 1.0
-0.0583016462624073 | 0 | 1.0
-0.0778091698884964 | 0 | 1.0
-0.10123888403177261 | 0 | 1.0
-0.12859348952770233 | 0 | 1.0
Total reward: 9.0
5.3, 5.3, 5.3, 5.3, 5.3, 5.3, 5.3, 5.3, 5.3, 5.3
parameter ends

state | action | reward
[0.] | 0 | 1.0
0.0011822921223938465 | 0 | 1.0
-0.003298215102404356 | 0 | 1.0
-0.011685575358569622 | 0 | 1.0
-0.02398137003183365 | 0 | 1.0
-0.0401884950697422 | 0 | 1.0
-0.060310740023851395 | 0 | 1.0
-0.08435215055942535 | 0 | 1.0
-0.11231614649295807 | 0 | 1.0
Total reward: 9.0
5.3, 5.3, 5.3, 5.3, 5.3, 5.3, 5.3, 5.3, 5.3, 5.3
parameter ends

state | action | reward
[0.04] | 0 | 1.0
0.04145044833421707 | 0 | 1.0
0.03843432292342186 | 0 | 1.0
0.0315098911523819 | 0 | 1.0
0.020675498992204666 | 0 | 1.0
0.005928230471909046 | 0 | 1.0
-0.012735637836158276 | 0 | 1.0
-0.0353199727833271 | 0 | 1.0
-0.06182784214615822 | 0 | 1.0
Total reward: 9.0
5.3, 5.3, 5.3, 5.3, 5.3, 5.3, 5.3, 5.3, 5.3, 5.3
parameter ends

state | action | reward
[0.02] | 0 | 1.0
0.01808631420135498 | 0 | 1.0
0.01441484410315752 | 0 | 1.0
0.0068555776961147785 | 0 | 1.0
-0.0045934030786156654 | 0 | 1.0
-0.01993568427860737 | 0 | 1.0
-0.03917621076107025 | 0 | 1.0
-0.06232080236077309 | 0 | 1.0
-0.08937547355890274 | 0 | 1.0
-0.12034550309181213 | 0 | 1.0
-0.1552341878414154 | 0 | 1.0
Total reward: 11.0
5.3, 5.3, 5.3, 5.3, 5.3, 5.3, 5.3, 5.3, 5.3, 5.3
parameter ends

state | action | reward
[0.02] | 0 | 1.0
0.020504731684923172 | 0 | 1.0
0.016966328024864197 | 0 | 1.0
0.009529291652143002 | 0 | 1.0
-0.0018079369328916073 | 0 | 1.0
-0.017048439010977745 | 0 | 1.0
-0.03619646653532982 | 0 | 1.0
-0.0592569001019001 | 0 | 1.0
-0.08623448014259338 | 0 | 1.0
-0.1171327605843544 | 0 | 1.0
Total reward: 10.0
5.3, 5.3, 5.3, 5.3, 5.3, 5.3, 5.3, 5.3, 5.3, 5.3
parameter ends

state | action | reward
[0.05] | 0 | 1.0
0.047196872532367706 | 0 | 1.0
0.04258895665407181 | 0 | 1.0
0.03409227356314659 | 0 | 1.0
0.021705061197280884 | 0 | 1.0
0.0054238890297710896 | 0 | 1.0
-0.01475604809820652 | 0 | 1.0
-0.03884044662117958 | 0 | 1.0
-0.06683522462844849 | 0 | 1.0
-0.09874559938907623 | 0 | 1.0
-0.13457484543323517 | 0 | 1.0
Total reward: 11.0
5.3, 5.3, 5.3, 5.3, 5.3, 5.3, 5.3, 5.3, 5.3, 5.3
parameter ends

state | action | reward
[-0.01] | 0 | 1.0
-0.010619519278407097 | 0 | 1.0
-0.01481683924794197 | 0 | 1.0
-0.022903097793459892 | 0 | 1.0
-0.034880008548498154 | 0 | 1.0
-0.050750963389873505 | 0 | 1.0
-0.07052072882652283 | 0 | 1.0
-0.09419496357440948 | 0 | 1.0
-0.12177958339452744 | 0 | 1.0
-0.15327979624271393 | 0 | 1.0
-0.1886989176273346 | 0 | 1.0
Total reward: 11.0
5.3, 5.3, 5.3, 5.3, 5.3, 5.3, 5.3, 5.3, 5.3, 5.3
parameter ends

state | action | reward
[0.01] | 0 | 1.0
0.00864661205559969 | 0 | 1.0
0.00538299884647131 | 0 | 1.0
-0.0017847970593720675 | 0 | 1.0
-0.012858585454523563 | 0 | 1.0
-0.02784152142703533 | 0 | 1.0
-0.0467376746237278 | 0 | 1.0
-0.06955140829086304 | 0 | 1.0
-0.09628645330667496 | 0 | 1.0
Total reward: 9.0
5.3, 5.3, 5.3, 5.3, 5.3, 5.3, 5.3, 5.3, 5.3, 5.3
parameter ends

state | action | reward
[0.03] | 0 | 1.0
0.027260635048151016 | 0 | 1.0
0.023202063515782356 | 0 | 1.0
0.015238618478178978 | 0 | 1.0
0.003368963487446308 | 0 | 1.0
-0.012409650720655918 | 0 | 1.0
-0.032101016491651535 | 0 | 1.0
-0.05570938438177109 | 0 | 1.0
-0.08323866128921509 | 0 | 1.0
Total reward: 9.0
5.3, 5.3, 5.3, 5.3, 5.3, 5.3, 5.3, 5.3, 5.3, 5.3
parameter ends

state | action | reward
[0.] | 0 | 1.0
0.004706043284386396 | 0 | 1.0
0.0005474323406815529 | 0 | 1.0
-0.007520250976085663 | 0 | 1.0
-0.0194986704736948 | 0 | 1.0
-0.035390716046094894 | 0 | 1.0
-0.05520005524158478 | 0 | 1.0
-0.07893045246601105 | 0 | 1.0
-0.1065848246216774 | 0 | 1.0
Total reward: 9.0
5.3, 5.3, 5.3, 5.3, 5.3, 5.3, 5.3, 5.3, 5.3, 5.3
parameter ends

state | action | reward
[0.03] | 0 | 1.0
0.03418190777301788 | 0 | 1.0
0.02955339290201664 | 0 | 1.0
0.021018031984567642 | 0 | 1.0
0.008574310690164566 | 0 | 1.0
-0.0077806091867387295 | 0 | 1.0
-0.028050487861037254 | 0 | 1.0
-0.05223937705159187 | 0 | 1.0
-0.08035073429346085 | 0 | 1.0
Total reward: 9.0
5.3, 5.3, 5.3, 5.3, 5.3, 5.3, 5.3, 5.3, 5.3, 5.3
parameter ends

state | action | reward
[0.04] | 0 | 1.0
0.03684468939900398 | 0 | 1.0
0.03311164677143097 | 0 | 1.0
0.02549087069928646 | 0 | 1.0
0.013980371877551079 | 0 | 1.0
-0.001423500245437026 | 0 | 1.0
-0.020725740119814873 | 0 | 1.0
-0.043932195752859116 | 0 | 1.0
-0.07104888558387756 | 0 | 1.0
-0.1020810529589653 | 0 | 1.0
Total reward: 10.0
5.3, 5.3, 5.3, 5.3, 5.3, 5.3, 5.3, 5.3, 5.3, 5.3
parameter ends

state | action | reward
[-0.04] | 0 | 1.0
-0.03727439418435097 | 0 | 1.0
-0.041618090122938156 | 0 | 1.0
-0.049868300557136536 | 0 | 1.0
-0.06202680245041847 | 0 | 1.0
-0.0780966505408287 | 0 | 1.0
-0.09808173775672913 | 0 | 1.0
-0.12198615074157715 | 0 | 1.0
-0.1498132199048996 | 0 | 1.0
Total reward: 9.0
5.3, 5.3, 5.3, 5.3, 5.3, 5.3, 5.3, 5.3, 5.3, 5.3
parameter ends

state | action | reward
[0.04] | 0 | 1.0
0.043883513659238815 | 0 | 1.0
0.03927093371748924 | 0 | 1.0
0.030756745487451553 | 0 | 1.0
0.018339255824685097 | 0 | 1.0
0.0020153389777988195 | 0 | 1.0
-0.018219171091914177 | 0 | 1.0
-0.042368896305561066 | 0 | 1.0
-0.07043808698654175 | 0 | 1.0
Total reward: 9.0
5.3, 5.3, 5.3, 5.3, 5.3, 5.3, 5.3, 5.3, 5.3, 5.3
parameter ends

state | action | reward
[0.03] | 0 | 1.0
0.03404160961508751 | 0 | 1.0
0.029477963224053383 | 0 | 1.0
0.021023111417889595 | 0 | 1.0
0.008675103075802326 | 0 | 1.0
-0.007569627370685339 | 0 | 1.0
-0.027715913951396942 | 0 | 1.0
-0.05176934599876404 | 0 | 1.0
-0.07973553985357285 | 0 | 1.0
-0.11161914467811584 | 0 | 1.0
Total reward: 10.0
5.3, 5.3, 5.3, 5.3, 5.3, 5.3, 5.3, 5.3, 5.3, 5.3
parameter ends

state | action | reward
[0.04] | 0 | 1.0
0.037843186408281326 | 0 | 1.0
0.03336246311664581 | 0 | 1.0
0.02497236244380474 | 0 | 1.0
0.012671307660639286 | 0 | 1.0
-0.0035435121972113848 | 0 | 1.0
-0.02367570623755455 | 0 | 1.0
-0.0477290078997612 | 0 | 1.0
-0.0757063552737236 | 0 | 1.0
Total reward: 9.0
5.3, 5.3, 5.3, 5.3, 5.3, 5.3, 5.3, 5.3, 5.3, 5.3
parameter ends

state | action | reward
[0.03] | 0 | 1.0
0.03323768824338913 | 0 | 1.0
0.029782429337501526 | 0 | 1.0
0.022423936054110527 | 0 | 1.0
0.011160751804709435 | 0 | 1.0
-0.004010010045021772 | 0 | 1.0
-0.023092297837138176 | 0 | 1.0
-0.046090543270111084 | 0 | 1.0
-0.07300885021686554 | 0 | 1.0
Total reward: 9.0
5.3, 5.3, 5.3, 5.3, 5.3, 5.3, 5.3, 5.3, 5.3, 5.3
parameter ends

state | action | reward
[-0.01] | 0 | 1.0
-0.007546992041170597 | 0 | 1.0
-0.01088893972337246 | 0 | 1.0
-0.018146393820643425 | 0 | 1.0
-0.029320495203137398 | 0 | 1.0
-0.04441351443529129 | 0 | 1.0
-0.06342841684818268 | 0 | 1.0
-0.08636819571256638 | 0 | 1.0
Total reward: 8.0
5.3, 5.3, 5.3, 5.3, 5.3, 5.3, 5.3, 5.3, 5.3, 5.3
parameter ends

state | action | reward
[0.05] | 0 | 1.0
0.049798186868429184 | 0 | 1.0
0.04598275199532509 | 0 | 1.0
0.03825562819838524 | 0 | 1.0
0.026615211740136147 | 0 | 1.0
0.011058743111789227 | 0 | 1.0
-0.008417215198278427 | 0 | 1.0
-0.03181607648730278 | 0 | 1.0
Total reward: 8.0
