5.0, 5.0, 5.0, 5.0, 5.0, 5.0, 5.0, 5.0, 5.0, 5.0
parameter ends

state | action | reward
[0.03] | 0 | 1.0
0.029987892135977745 | 0 | 1.0
0.025282863527536392 | 0 | 1.0
0.016666298732161522 | 0 | 1.0
0.004136707633733749 | 0 | 1.0
-0.012308587320148945 | 0 | 1.0
-0.032673001289367676 | 0 | 1.0
-0.05695999041199684 | 0 | 1.0
-0.08517210930585861 | 0 | 1.0
Total reward: 9.0
5.0, 5.0, 5.0, 5.0, 5.0, 5.0, 5.0, 5.0, 5.0, 5.0
parameter ends

state | action | reward
[0.] | 0 | 1.0
0.005088225472718477 | 0 | 1.0
0.0015848478069528937 | 0 | 1.0
-0.005828556604683399 | 0 | 1.0
-0.017153635621070862 | 0 | 1.0
-0.03239323943853378 | 0 | 1.0
-0.051550958305597305 | 0 | 1.0
-0.07463042438030243 | 0 | 1.0
-0.10163437575101852 | 0 | 1.0
Total reward: 9.0
5.0, 5.0, 5.0, 5.0, 5.0, 5.0, 5.0, 5.0, 5.0, 5.0
parameter ends

state | action | reward
[0.04] | 0 | 1.0
0.03452802821993828 | 0 | 1.0
0.029721984639763832 | 0 | 1.0
0.021020667627453804 | 0 | 1.0
0.008422356098890305 | 0 | 1.0
-0.008076236583292484 | 0 | 1.0
-0.028479618951678276 | 0 | 1.0
-0.0527929924428463 | 0 | 1.0
-0.0810215026140213 | 0 | 1.0
-0.11316923797130585 | 0 | 1.0
Total reward: 10.0
5.0, 5.0, 5.0, 5.0, 5.0, 5.0, 5.0, 5.0, 5.0, 5.0
parameter ends

state | action | reward
[-0.01] | 0 | 1.0
-0.01096432562917471 | 0 | 1.0
-0.015846330672502518 | 0 | 1.0
-0.024625400081276894 | 0 | 1.0
-0.03730351850390434 | 0 | 1.0
-0.05388415977358818 | 0 | 1.0
-0.07437189668416977 | 0 | 1.0
-0.0987718403339386 | 0 | 1.0
-0.12708880007266998 | 0 | 1.0
-0.1593262255191803 | 0 | 1.0
Total reward: 10.0
5.0, 5.0, 5.0, 5.0, 5.0, 5.0, 5.0, 5.0, 5.0, 5.0
parameter ends

state | action | reward
[-0.04] | 0 | 1.0
-0.040664780884981155 | 0 | 1.0
-0.043936409056186676 | 0 | 1.0
-0.05111903324723244 | 0 | 1.0
-0.0622139535844326 | 0 | 1.0
-0.07722371071577072 | 0 | 1.0
-0.0961516797542572 | 0 | 1.0
-0.11900143325328827 | 0 | 1.0
-0.14577579498291016 | 0 | 1.0
Total reward: 9.0
5.0, 5.0, 5.0, 5.0, 5.0, 5.0, 5.0, 5.0, 5.0, 5.0
parameter ends

state | action | reward
[-0.04] | 0 | 1.0
-0.042394187301397324 | 0 | 1.0
-0.04625547677278519 | 0 | 1.0
-0.054017871618270874 | 0 | 1.0
-0.06568299233913422 | 0 | 1.0
-0.08125389367341995 | 0 | 1.0
-0.10073474794626236 | 0 | 1.0
-0.12413020431995392 | 0 | 1.0
-0.15144462883472443 | 0 | 1.0
-0.18268099427223206 | 0 | 1.0
Total reward: 10.0
5.0, 5.0, 5.0, 5.0, 5.0, 5.0, 5.0, 5.0, 5.0, 5.0
parameter ends

state | action | reward
[0.03] | 0 | 1.0
0.03040458634495735 | 0 | 1.0
0.02717527374625206 | 0 | 1.0
0.020035605877637863 | 0 | 1.0
0.008984322659671307 | 0 | 1.0
-0.005981117486953735 | 0 | 1.0
-0.02486412227153778 | 0 | 1.0
-0.04766833409667015 | 0 | 1.0
-0.07439674437046051 | 0 | 1.0
Total reward: 9.0
5.0, 5.0, 5.0, 5.0, 5.0, 5.0, 5.0, 5.0, 5.0, 5.0
parameter ends

state | action | reward
[-0.04] | 0 | 1.0
-0.03916729614138603 | 0 | 1.0
-0.04324185103178024 | 0 | 1.0
-0.051213715225458145 | 0 | 1.0
-0.06308479607105255 | 0 | 1.0
-0.07885850220918655 | 0 | 1.0
-0.09853935241699219 | 0 | 1.0
-0.12213240563869476 | 0 | 1.0
-0.1496424823999405 | 0 | 1.0
-0.18107305467128754 | 0 | 1.0
Total reward: 10.0
5.0, 5.0, 5.0, 5.0, 5.0, 5.0, 5.0, 5.0, 5.0, 5.0
parameter ends

state | action | reward
[-0.01] | 0 | 1.0
-0.01271137036383152 | 0 | 1.0
-0.015699058771133423 | 0 | 1.0
-0.022588226944208145 | 0 | 1.0
-0.03338059410452843 | 0 | 1.0
-0.048079296946525574 | 0 | 1.0
-0.06668852269649506 | 0 | 1.0
-0.08921291679143906 | 0 | 1.0
-0.11565672606229782 | 0 | 1.0
Total reward: 9.0
5.0, 5.0, 5.0, 5.0, 5.0, 5.0, 5.0, 5.0, 5.0, 5.0
parameter ends

state | action | reward
[0.] | 0 | 1.0
0.004304388538002968 | 0 | 1.0
0.0011826837435364723 | 0 | 1.0
-0.005838493350893259 | 0 | 1.0
-0.016760995611548424 | 0 | 1.0
-0.031588129699230194 | 0 | 1.0
-0.05032426863908768 | 0 | 1.0
-0.07297427207231522 | 0 | 1.0
-0.09954264014959335 | 0 | 1.0
-0.13003243505954742 | 0 | 1.0
Total reward: 10.0
5.0, 5.0, 5.0, 5.0, 5.0, 5.0, 5.0, 5.0, 5.0, 5.0
parameter ends

state | action | reward
[0.02] | 0 | 1.0
0.016311759129166603 | 0 | 1.0
0.01149238832294941 | 0 | 1.0
0.002780977636575699 | 0 | 1.0
-0.009824558161199093 | 0 | 1.0
-0.02632787637412548 | 0 | 1.0
-0.04673385992646217 | 0 | 1.0
-0.0710480585694313 | 0 | 1.0
-0.09927596896886826 | 0 | 1.0
-0.13142196834087372 | 0 | 1.0
Total reward: 10.0
5.0, 5.0, 5.0, 5.0, 5.0, 5.0, 5.0, 5.0, 5.0, 5.0
parameter ends

state | action | reward
[-0.] | 0 | 1.0
-0.0039545148611068726 | 0 | 1.0
-0.008484394289553165 | 0 | 1.0
-0.0169183611869812 | 0 | 1.0
-0.029258020222187042 | 0 | 1.0
-0.04550635814666748 | 0 | 1.0
-0.06566735357046127 | 0 | 1.0
-0.08974537253379822 | 0 | 1.0
-0.11774428933858871 | 0 | 1.0
Total reward: 9.0
5.0, 5.0, 5.0, 5.0, 5.0, 5.0, 5.0, 5.0, 5.0, 5.0
parameter ends

state | action | reward
[-0.04] | 0 | 1.0
-0.03546696901321411 | 0 | 1.0
-0.03977886214852333 | 0 | 1.0
-0.04800551384687424 | 0 | 1.0
-0.06014835461974144 | 0 | 1.0
-0.0762099027633667 | 0 | 1.0
-0.09619328379631042 | 0 | 1.0
-0.12010150402784348 | 0 | 1.0
Total reward: 8.0
5.0, 5.0, 5.0, 5.0, 5.0, 5.0, 5.0, 5.0, 5.0, 5.0
parameter ends

state | action | reward
[0.03] | 0 | 1.0
0.030609365552663803 | 0 | 1.0
0.026983264833688736 | 0 | 1.0
0.01946066878736019 | 0 | 1.0
0.008039713837206364 | 0 | 1.0
-0.007282979320734739 | 0 | 1.0
-0.026511944830417633 | 0 | 1.0
-0.04965231567621231 | 0 | 1.0
-0.07670903205871582 | 0 | 1.0
-0.10768579691648483 | 0 | 1.0
Total reward: 10.0
5.0, 5.0, 5.0, 5.0, 5.0, 5.0, 5.0, 5.0, 5.0, 5.0
parameter ends

state | action | reward
[-0.05] | 0 | 1.0
-0.04893803969025612 | 0 | 1.0
-0.05207601934671402 | 0 | 1.0
-0.05910671129822731 | 0 | 1.0
-0.07003197818994522 | 0 | 1.0
-0.08485528826713562 | 0 | 1.0
-0.10358135402202606 | 0 | 1.0
-0.1262156218290329 | 0 | 1.0
-0.15276353061199188 | 0 | 1.0
-0.18322952091693878 | 0 | 1.0
Total reward: 10.0
5.0, 5.0, 5.0, 5.0, 5.0, 5.0, 5.0, 5.0, 5.0, 5.0
parameter ends

state | action | reward
[0.03] | 0 | 1.0
0.031431395560503006 | 0 | 1.0
0.027450930327177048 | 0 | 1.0
0.019573573023080826 | 0 | 1.0
0.0077978153713047504 | 0 | 1.0
-0.007879412733018398 | 0 | 1.0
-0.027462411671876907 | 0 | 1.0
-0.05095620080828667 | 0 | 1.0
-0.0783657655119896 | 0 | 1.0
-0.10969505459070206 | 0 | 1.0
Total reward: 10.0
5.0, 5.0, 5.0, 5.0, 5.0, 5.0, 5.0, 5.0, 5.0, 5.0
parameter ends

state | action | reward
[0.01] | 0 | 1.0
0.008706921711564064 | 0 | 1.0
0.004630658775568008 | 0 | 1.0
-0.003352468367666006 | 0 | 1.0
-0.015244212001562119 | 0 | 1.0
-0.031047603115439415 | 0 | 1.0
-0.050766509026288986 | 0 | 1.0
-0.07440496981143951 | 0 | 1.0
-0.1019662618637085 | 0 | 1.0
Total reward: 9.0
5.0, 5.0, 5.0, 5.0, 5.0, 5.0, 5.0, 5.0, 5.0, 5.0
parameter ends

state | action | reward
[0.02] | 0 | 1.0
0.020714782178401947 | 0 | 1.0
0.017059938982129097 | 0 | 1.0
0.00951524917036295 | 0 | 1.0
-0.0019212299957871437 | 0 | 1.0
-0.017253072932362556 | 0 | 1.0
-0.036485157907009125 | 0 | 1.0
-0.059623170644044876 | 0 | 1.0
-0.08667288720607758 | 0 | 1.0
-0.11763922870159149 | 0 | 1.0
Total reward: 10.0
5.0, 5.0, 5.0, 5.0, 5.0, 5.0, 5.0, 5.0, 5.0, 5.0
parameter ends

state | action | reward
[0.01] | 0 | 1.0
0.01304390374571085 | 0 | 1.0
0.008614310063421726 | 0 | 1.0
0.0002758055052254349 | 0 | 1.0
-0.011973120272159576 | 0 | 1.0
-0.02813524566590786 | 0 | 1.0
-0.04821418970823288 | 0 | 1.0
-0.07221375405788422 | 0 | 1.0
-0.10013701766729355 | 0 | 1.0
Total reward: 9.0
5.0, 5.0, 5.0, 5.0, 5.0, 5.0, 5.0, 5.0, 5.0, 5.0
parameter ends

state | action | reward
[0.05] | 0 | 1.0
0.047248952090740204 | 0 | 1.0
0.043237920850515366 | 0 | 1.0
0.03533584251999855 | 0 | 1.0
0.023541012778878212 | 0 | 1.0
0.007850078865885735 | 0 | 1.0
-0.01174163818359375 | 0 | 1.0
-0.03523966297507286 | 0 | 1.0
-0.06264965981245041 | 0 | 1.0
-0.09397649765014648 | 0 | 1.0
Total reward: 10.0
