5.4, 5.4, 5.4, 5.4, 5.4, 5.4, 5.4, 5.4, 5.4, 5.4
parameter ends

state | action | reward
[0.04] | 0 | 1.0
0.04279053583741188 | 0 | 1.0
0.0397651381790638 | 0 | 1.0
0.03283898904919624 | 0 | 1.0
0.022010562941432 | 0 | 1.0
0.007276854012161493 | 0 | 1.0
-0.011366262100636959 | 0 | 1.0
-0.033923469483852386 | 0 | 1.0
-0.060399215668439865 | 0 | 1.0
-0.09079664200544357 | 0 | 1.0
Total reward: 10.0
5.4, 5.4, 5.4, 5.4, 5.4, 5.4, 5.4, 5.4, 5.4, 5.4
parameter ends

state | action | reward
[-0.02] | 0 | 1.0
-0.016315296292304993 | 0 | 1.0
-0.01942128688097 | 0 | 1.0
-0.026439595967531204 | 0 | 1.0
-0.03737163543701172 | 0 | 1.0
-0.052219998091459274 | 0 | 1.0
-0.0709880068898201 | 0 | 1.0
-0.0936790257692337 | 0 | 1.0
Total reward: 8.0
5.4, 5.4, 5.4, 5.4, 5.4, 5.4, 5.4, 5.4, 5.4, 5.4
parameter ends

state | action | reward
[0.03] | 0 | 1.0
0.032479241490364075 | 0 | 1.0
0.028856195509433746 | 0 | 1.0
0.021331826224923134 | 0 | 1.0
0.009904539212584496 | 0 | 1.0
-0.005428710952401161 | 0 | 1.0
-0.02467205375432968 | 0 | 1.0
-0.04783012717962265 | 0 | 1.0
-0.07490727305412292 | 0 | 1.0
-0.1059064269065857 | 0 | 1.0
Total reward: 10.0
5.4, 5.4, 5.4, 5.4, 5.4, 5.4, 5.4, 5.4, 5.4, 5.4
parameter ends

state | action | reward
[-0.04] | 0 | 1.0
-0.03971702605485916 | 0 | 1.0
-0.04377669841051102 | 0 | 1.0
-0.05172645300626755 | 0 | 1.0
-0.06356842815876007 | 0 | 1.0
-0.07930634915828705 | 0 | 1.0
-0.09894521534442902 | 0 | 1.0
-0.12249074876308441 | 0 | 1.0
-0.14994867146015167 | 0 | 1.0
-0.18132370710372925 | 0 | 1.0
Total reward: 10.0
5.4, 5.4, 5.4, 5.4, 5.4, 5.4, 5.4, 5.4, 5.4, 5.4
parameter ends

state | action | reward
[0.05] | 0 | 1.0
0.04940519854426384 | 0 | 1.0
0.04583460092544556 | 0 | 1.0
0.038355838507413864 | 0 | 1.0
0.026967331767082214 | 0 | 1.0
0.011666221544146538 | 0 | 1.0
-0.007551189512014389 | 0 | 1.0
-0.03068879060447216 | 0 | 1.0
-0.05774974822998047 | 0 | 1.0
Total reward: 9.0
5.4, 5.4, 5.4, 5.4, 5.4, 5.4, 5.4, 5.4, 5.4, 5.4
parameter ends

state | action | reward
[0.01] | 0 | 1.0
0.007480406668037176 | 0 | 1.0
0.0034128210972994566 | 0 | 1.0
-0.004566804971545935 | 0 | 1.0
-0.01646001823246479 | 0 | 1.0
-0.03226952254772186 | 0 | 1.0
-0.05199871212244034 | 0 | 1.0
-0.07565096020698547 | 0 | 1.0
Total reward: 8.0
5.4, 5.4, 5.4, 5.4, 5.4, 5.4, 5.4, 5.4, 5.4, 5.4
parameter ends

state | action | reward
[-0.] | 0 | 1.0
-0.0052857971750199795 | 0 | 1.0
-0.009549269452691078 | 0 | 1.0
-0.01772397570312023 | 0 | 1.0
-0.02981133572757244 | 0 | 1.0
-0.045813992619514465 | 0 | 1.0
-0.0657353475689888 | 0 | 1.0
-0.08957892656326294 | 0 | 1.0
-0.11734740436077118 | 0 | 1.0
Total reward: 9.0
5.4, 5.4, 5.4, 5.4, 5.4, 5.4, 5.4, 5.4, 5.4, 5.4
parameter ends

state | action | reward
[0.04] | 0 | 1.0
0.04482436925172806 | 0 | 1.0
0.0413341224193573 | 0 | 1.0
0.033929165452718735 | 0 | 1.0
0.02260803058743477 | 0 | 1.0
0.007368174381554127 | 0 | 1.0
-0.011793539859354496 | 0 | 1.0
-0.03488010913133621 | 0 | 1.0
Total reward: 8.0
5.4, 5.4, 5.4, 5.4, 5.4, 5.4, 5.4, 5.4, 5.4, 5.4
parameter ends

state | action | reward
[0.05] | 0 | 1.0
0.04950873553752899 | 0 | 1.0
0.04594319686293602 | 0 | 1.0
0.03848907724022865 | 0 | 1.0
0.027144616469740868 | 0 | 1.0
0.011906376108527184 | 0 | 1.0
-0.0072304559871554375 | 0 | 1.0
-0.030271591618657112 | 0 | 1.0
-0.05722296983003616 | 0 | 1.0
-0.08808983862400055 | 0 | 1.0
-0.12287551164627075 | 0 | 1.0
Total reward: 11.0
5.4, 5.4, 5.4, 5.4, 5.4, 5.4, 5.4, 5.4, 5.4, 5.4
parameter ends

state | action | reward
[-0.04] | 0 | 1.0
-0.045268941670656204 | 0 | 1.0
-0.04986133053898811 | 0 | 1.0
-0.05836930498480797 | 0 | 1.0
-0.07079415023326874 | 0 | 1.0
-0.08713825047016144 | 0 | 1.0
-0.10740461945533752 | 0 | 1.0
-0.131596177816391 | 0 | 1.0
Total reward: 8.0
5.4, 5.4, 5.4, 5.4, 5.4, 5.4, 5.4, 5.4, 5.4, 5.4
parameter ends

state | action | reward
[0.03] | 0 | 1.0
0.030493998900055885 | 0 | 1.0
0.026194574311375618 | 0 | 1.0
0.017983771860599518 | 0 | 1.0
0.005860338918864727 | 0 | 1.0
-0.010178225114941597 | 0 | 1.0
-0.030135251581668854 | 0 | 1.0
-0.054014258086681366 | 0 | 1.0
-0.08181804418563843 | 0 | 1.0
Total reward: 9.0
5.4, 5.4, 5.4, 5.4, 5.4, 5.4, 5.4, 5.4, 5.4, 5.4
parameter ends

state | action | reward
[-0.01] | 0 | 1.0
-0.008969669230282307 | 0 | 1.0
-0.01345875021070242 | 0 | 1.0
-0.021842990070581436 | 0 | 1.0
-0.034124333411455154 | 0 | 1.0
-0.05030626431107521 | 0 | 1.0
-0.07039342820644379 | 0 | 1.0
-0.09439108520746231 | 0 | 1.0
-0.12230435013771057 | 0 | 1.0
-0.15413710474967957 | 0 | 1.0
Total reward: 10.0
5.4, 5.4, 5.4, 5.4, 5.4, 5.4, 5.4, 5.4, 5.4, 5.4
parameter ends

state | action | reward
[-0.01] | 0 | 1.0
-0.014074505306780338 | 0 | 1.0
-0.01816614158451557 | 0 | 1.0
-0.02617046795785427 | 0 | 1.0
-0.038088783621788025 | 0 | 1.0
-0.053923577070236206 | 0 | 1.0
-0.07367809861898422 | 0 | 1.0
-0.09735569357872009 | 0 | 1.0
-0.12495885044336319 | 0 | 1.0
Total reward: 9.0
5.4, 5.4, 5.4, 5.4, 5.4, 5.4, 5.4, 5.4, 5.4, 5.4
parameter ends

state | action | reward
[-0.02] | 0 | 1.0
-0.023301972076296806 | 0 | 1.0
-0.027649303898215294 | 0 | 1.0
-0.03591076284646988 | 0 | 1.0
-0.04808754101395607 | 0 | 1.0
-0.06418200582265854 | 0 | 1.0
-0.08419724553823471 | 0 | 1.0
-0.10813643038272858 | 0 | 1.0
Total reward: 8.0
5.4, 5.4, 5.4, 5.4, 5.4, 5.4, 5.4, 5.4, 5.4, 5.4
parameter ends

state | action | reward
[0.02] | 0 | 1.0
0.023221313953399658 | 0 | 1.0
0.018996527418494225 | 0 | 1.0
0.010875483974814415 | 0 | 1.0
-0.001143658417277038 | 0 | 1.0
-0.01706426590681076 | 0 | 1.0
-0.036890871822834015 | 0 | 1.0
-0.06062862649559975 | 0 | 1.0
-0.0882825180888176 | 0 | 1.0
-0.11985629796981812 | 0 | 1.0
Total reward: 10.0
5.4, 5.4, 5.4, 5.4, 5.4, 5.4, 5.4, 5.4, 5.4, 5.4
parameter ends

state | action | reward
[-0.01] | 0 | 1.0
-0.009153439663350582 | 0 | 1.0
-0.013153738342225552 | 0 | 1.0
-0.021063610911369324 | 0 | 1.0
-0.032884467393159866 | 0 | 1.0
-0.04861898347735405 | 0 | 1.0
-0.06827068328857422 | 0 | 1.0
-0.09184330701828003 | 0 | 1.0
-0.11933986842632294 | 0 | 1.0
Total reward: 9.0
5.4, 5.4, 5.4, 5.4, 5.4, 5.4, 5.4, 5.4, 5.4, 5.4
parameter ends

state | action | reward
[0.02] | 0 | 1.0
0.025323189795017242 | 0 | 1.0
0.02184869535267353 | 0 | 1.0
0.014482550323009491 | 0 | 1.0
0.0032230473589152098 | 0 | 1.0
-0.011933156289160252 | 0 | 1.0
-0.030990716069936752 | 0 | 1.0
-0.053955111652612686 | 0 | 1.0
-0.08083194494247437 | 0 | 1.0
-0.11162596195936203 | 0 | 1.0
Total reward: 10.0
5.4, 5.4, 5.4, 5.4, 5.4, 5.4, 5.4, 5.4, 5.4, 5.4
parameter ends

state | action | reward
[0.04] | 0 | 1.0
0.038650188595056534 | 0 | 1.0
0.03459497168660164 | 0 | 1.0
0.026637433096766472 | 0 | 1.0
0.014775935560464859 | 0 | 1.0
-0.0009925802005454898 | 0 | 1.0
-0.020672215148806572 | 0 | 1.0
-0.04426751285791397 | 0 | 1.0
-0.07178263366222382 | 0 | 1.0
Total reward: 9.0
5.4, 5.4, 5.4, 5.4, 5.4, 5.4, 5.4, 5.4, 5.4, 5.4
parameter ends

state | action | reward
[-0.01] | 0 | 1.0
-0.008995595388114452 | 0 | 1.0
-0.013871144503355026 | 0 | 1.0
-0.02264668419957161 | 0 | 1.0
-0.03532378003001213 | 0 | 1.0
-0.05190548673272133 | 0 | 1.0
-0.07239598780870438 | 0 | 1.0
-0.0968000516295433 | 0 | 1.0
-0.12512221932411194 | 0 | 1.0
-0.15736575424671173 | 0 | 1.0
Total reward: 10.0
5.4, 5.4, 5.4, 5.4, 5.4, 5.4, 5.4, 5.4, 5.4, 5.4
parameter ends

state | action | reward
[0.04] | 0 | 1.0
0.03736044466495514 | 0 | 1.0
0.03420417755842209 | 0 | 1.0
0.027155715972185135 | 0 | 1.0
0.016213443130254745 | 0 | 1.0
0.0013741014990955591 | 0 | 1.0
-0.017366884276270866 | 0 | 1.0
-0.040014926344156265 | 0 | 1.0
-0.0665755644440651 | 0 | 1.0
-0.09705353528261185 | 0 | 1.0
Total reward: 10.0
