5.3, 5.3, 5.3, 5.3, 5.3, 5.3, 5.3, 5.3, 5.3, 5.3
parameter ends

state | action | reward
[0.05] | 0 | 1.0
0.04957164078950882 | 0 | 1.0
0.045920323580503464 | 0 | 1.0
0.03836273401975632 | 0 | 1.0
0.026897504925727844 | 0 | 1.0
0.011521884240210056 | 0 | 1.0
-0.007767855655401945 | 0 | 1.0
-0.0309758260846138 | 0 | 1.0
-0.058105677366256714 | 0 | 1.0
Total reward: 9.0
5.3, 5.3, 5.3, 5.3, 5.3, 5.3, 5.3, 5.3, 5.3, 5.3
parameter ends

state | action | reward
[0.04] | 0 | 1.0
0.035631515085697174 | 0 | 1.0
0.030976710841059685 | 0 | 1.0
0.02240719273686409 | 0 | 1.0
0.009921467863023281 | 0 | 1.0
-0.006483031902462244 | 0 | 1.0
-0.02680944837629795 | 0 | 1.0
-0.05106076970696449 | 0 | 1.0
Total reward: 8.0
5.3, 5.3, 5.3, 5.3, 5.3, 5.3, 5.3, 5.3, 5.3, 5.3
parameter ends

state | action | reward
[0.02] | 0 | 1.0
0.01913222298026085 | 0 | 1.0
0.016197914257645607 | 0 | 1.0
0.009358061477541924 | 0 | 1.0
-0.0013890402624383569 | 0 | 1.0
-0.016046425327658653 | 0 | 1.0
-0.03461802750825882 | 0 | 1.0
-0.05710805207490921 | 0 | 1.0
-0.08352005481719971 | 0 | 1.0
Total reward: 9.0
5.3, 5.3, 5.3, 5.3, 5.3, 5.3, 5.3, 5.3, 5.3, 5.3
parameter ends

state | action | reward
[-0.01] | 0 | 1.0
-0.006833652034401894 | 0 | 1.0
-0.010467641986906528 | 0 | 1.0
-0.018005846068263054 | 0 | 1.0
-0.029449723660945892 | 0 | 1.0
-0.04480214789509773 | 0 | 1.0
-0.06406701356172562 | 0 | 1.0
-0.08724864572286606 | 0 | 1.0
-0.11435100436210632 | 0 | 1.0
Total reward: 9.0
5.3, 5.3, 5.3, 5.3, 5.3, 5.3, 5.3, 5.3, 5.3, 5.3
parameter ends

state | action | reward
[-0.04] | 0 | 1.0
-0.038920216262340546 | 0 | 1.0
-0.04290587455034256 | 0 | 1.0
-0.05079163983464241 | 0 | 1.0
-0.062578946352005 | 0 | 1.0
-0.07827074080705643 | 0 | 1.0
-0.09787111729383469 | 0 | 1.0
-0.12138479948043823 | 0 | 1.0
-0.14881637692451477 | 0 | 1.0
-0.1801692098379135 | 0 | 1.0
Total reward: 10.0
5.3, 5.3, 5.3, 5.3, 5.3, 5.3, 5.3, 5.3, 5.3, 5.3
parameter ends

state | action | reward
[0.04] | 0 | 1.0
0.03881486877799034 | 0 | 1.0
0.034503091126680374 | 0 | 1.0
0.026287095621228218 | 0 | 1.0
0.01416550949215889 | 0 | 1.0
-0.0018644648371264338 | 0 | 1.0
-0.02180667407810688 | 0 | 1.0
-0.045665446668863297 | 0 | 1.0
-0.07344476133584976 | 0 | 1.0
Total reward: 9.0
5.3, 5.3, 5.3, 5.3, 5.3, 5.3, 5.3, 5.3, 5.3, 5.3
parameter ends

state | action | reward
[-0.02] | 0 | 1.0
-0.02273964136838913 | 0 | 1.0
-0.027501963078975677 | 0 | 1.0
-0.03615517169237137 | 0 | 1.0
-0.04870089888572693 | 0 | 1.0
-0.0651424378156662 | 0 | 1.0
-0.08548443019390106 | 0 | 1.0
-0.10973238199949265 | 0 | 1.0
-0.1378919929265976 | 0 | 1.0
-0.16996818780899048 | 0 | 1.0
Total reward: 10.0
5.3, 5.3, 5.3, 5.3, 5.3, 5.3, 5.3, 5.3, 5.3, 5.3
parameter ends

state | action | reward
[-0.02] | 0 | 1.0
-0.02513919398188591 | 0 | 1.0
-0.02986792102456093 | 0 | 1.0
-0.038501281291246414 | 0 | 1.0
-0.05104093626141548 | 0 | 1.0
-0.06748991459608078 | 0 | 1.0
-0.08785219490528107 | 0 | 1.0
-0.11213207989931107 | 0 | 1.0
-0.14033332467079163 | 0 | 1.0
Total reward: 9.0
5.3, 5.3, 5.3, 5.3, 5.3, 5.3, 5.3, 5.3, 5.3, 5.3
parameter ends

state | action | reward
[-0.03] | 0 | 1.0
-0.03479452803730965 | 0 | 1.0
-0.038656868040561676 | 0 | 1.0
-0.04641630873084068 | 0 | 1.0
-0.0580744594335556 | 0 | 1.0
-0.07363446801900864 | 0 | 1.0
-0.09310070425271988 | 0 | 1.0
-0.11647818237543106 | 0 | 1.0
-0.14377182722091675 | 0 | 1.0
-0.17498548328876495 | 0 | 1.0
Total reward: 10.0
5.3, 5.3, 5.3, 5.3, 5.3, 5.3, 5.3, 5.3, 5.3, 5.3
parameter ends

state | action | reward
[0.05] | 0 | 1.0
0.04857539013028145 | 0 | 1.0
0.04475640133023262 | 0 | 1.0
0.03703569620847702 | 0 | 1.0
0.02541181817650795 | 0 | 1.0
0.009881839156150818 | 0 | 1.0
-0.009558277204632759 | 0 | 1.0
-0.03291311115026474 | 0 | 1.0
-0.060186997056007385 | 0 | 1.0
-0.0913829430937767 | 0 | 1.0
Total reward: 10.0
5.3, 5.3, 5.3, 5.3, 5.3, 5.3, 5.3, 5.3, 5.3, 5.3
parameter ends

state | action | reward
[0.03] | 0 | 1.0
0.03430313989520073 | 0 | 1.0
0.03080028109252453 | 0 | 1.0
0.0233986247330904 | 0 | 1.0
0.012096616439521313 | 0 | 1.0
-0.0031088211107999086 | 0 | 1.0
-0.02222193032503128 | 0 | 1.0
-0.045247580856084824 | 0 | 1.0
-0.07219048589468002 | 0 | 1.0
-0.10305417329072952 | 0 | 1.0
Total reward: 10.0
5.3, 5.3, 5.3, 5.3, 5.3, 5.3, 5.3, 5.3, 5.3, 5.3
parameter ends

state | action | reward
[-0.04] | 0 | 1.0
-0.04002051800489426 | 0 | 1.0
-0.044640857726335526 | 0 | 1.0
-0.053171366453170776 | 0 | 1.0
-0.06561335176229477 | 0 | 1.0
-0.08196940273046494 | 0 | 1.0
-0.10224294662475586 | 0 | 1.0
-0.12643764913082123 | 0 | 1.0
-0.1545565128326416 | 0 | 1.0
Total reward: 9.0
5.3, 5.3, 5.3, 5.3, 5.3, 5.3, 5.3, 5.3, 5.3, 5.3
parameter ends

state | action | reward
[0.] | 0 | 1.0
0.004225651267915964 | 0 | 1.0
-0.00028711045160889626 | 0 | 1.0
-0.008703433908522129 | 0 | 1.0
-0.021025076508522034 | 0 | 1.0
-0.03725516423583031 | 0 | 1.0
-0.05739778280258179 | 0 | 1.0
-0.08145735412836075 | 0 | 1.0
-0.10943777114152908 | 0 | 1.0
Total reward: 9.0
5.3, 5.3, 5.3, 5.3, 5.3, 5.3, 5.3, 5.3, 5.3, 5.3
parameter ends

state | action | reward
[-0.03] | 0 | 1.0
-0.0317157506942749 | 0 | 1.0
-0.03489955514669418 | 0 | 1.0
-0.04198906198143959 | 0 | 1.0
-0.05298594757914543 | 0 | 1.0
-0.06789321452379227 | 0 | 1.0
-0.08671476691961288 | 0 | 1.0
-0.10945478826761246 | 0 | 1.0
-0.1361168473958969 | 0 | 1.0
Total reward: 9.0
5.3, 5.3, 5.3, 5.3, 5.3, 5.3, 5.3, 5.3, 5.3, 5.3
parameter ends

state | action | reward
[0.03] | 0 | 1.0
0.03568084537982941 | 0 | 1.0
0.03264622017741203 | 0 | 1.0
0.025700731202960014 | 0 | 1.0
0.014843099750578403 | 0 | 1.0
7.078768976498395e-05 | 0 | 1.0
-0.018619583919644356 | 0 | 1.0
-0.04123159497976303 | 0 | 1.0
-0.06776812672615051 | 0 | 1.0
Total reward: 9.0
5.3, 5.3, 5.3, 5.3, 5.3, 5.3, 5.3, 5.3, 5.3, 5.3
parameter ends

state | action | reward
[0.02] | 0 | 1.0
0.02013128437101841 | 0 | 1.0
0.015406623482704163 | 0 | 1.0
0.006768459919840097 | 0 | 1.0
-0.005784521345049143 | 0 | 1.0
-0.02225479669868946 | 0 | 1.0
-0.04264555498957634 | 0 | 1.0
-0.06696002185344696 | 0 | 1.0
Total reward: 8.0
5.3, 5.3, 5.3, 5.3, 5.3, 5.3, 5.3, 5.3, 5.3, 5.3
parameter ends

state | action | reward
[-0.04] | 0 | 1.0
-0.0434122309088707 | 0 | 1.0
-0.04710138216614723 | 0 | 1.0
-0.05470183119177818 | 0 | 1.0
-0.06621488928794861 | 0 | 1.0
-0.08164311200380325 | 0 | 1.0
-0.10098985582590103 | 0 | 1.0
-0.12425864487886429 | 0 | 1.0
-0.15145224332809448 | 0 | 1.0
Total reward: 9.0
5.3, 5.3, 5.3, 5.3, 5.3, 5.3, 5.3, 5.3, 5.3, 5.3
parameter ends

state | action | reward
[-0.02] | 0 | 1.0
-0.024288484826683998 | 0 | 1.0
-0.028169166296720505 | 0 | 1.0
-0.03596453741192818 | 0 | 1.0
-0.04767609015107155 | 0 | 1.0
-0.06330639868974686 | 0 | 1.0
-0.082858607172966 | 0 | 1.0
-0.10633570700883865 | 0 | 1.0
Total reward: 8.0
5.3, 5.3, 5.3, 5.3, 5.3, 5.3, 5.3, 5.3, 5.3, 5.3
parameter ends

state | action | reward
[0.03] | 0 | 1.0
0.026674645021557808 | 0 | 1.0
0.023675816133618355 | 0 | 1.0
0.016783397644758224 | 0 | 1.0
0.005995286628603935 | 0 | 1.0
-0.008692165836691856 | 0 | 1.0
-0.02728377841413021 | 0 | 1.0
-0.049784984439611435 | 0 | 1.0
-0.07620105892419815 | 0 | 1.0
-0.10653606802225113 | 0 | 1.0
Total reward: 10.0
5.3, 5.3, 5.3, 5.3, 5.3, 5.3, 5.3, 5.3, 5.3, 5.3
parameter ends

state | action | reward
[0.02] | 0 | 1.0
0.021500209346413612 | 0 | 1.0
0.017926815897226334 | 0 | 1.0
0.010440909303724766 | 0 | 1.0
-0.0009586525848135352 | 0 | 1.0
-0.01627424545586109 | 0 | 1.0
-0.03550907224416733 | 0 | 1.0
-0.05866651609539986 | 0 | 1.0
-0.08574925363063812 | 0 | 1.0
Total reward: 9.0
