5.9, 5.9, 5.9, 5.9, 5.9, 5.9, 5.9, 5.9, 5.9, 5.9
parameter ends

state | action | reward
[0.] | 0 | 1.0
0.004164359997957945 | 0 | 1.0
-2.1807161829201505e-05 | 0 | 1.0
-0.008103576488792896 | 0 | 1.0
-0.020082833245396614 | 0 | 1.0
-0.035962995141744614 | 0 | 1.0
-0.05574866011738777 | 0 | 1.0
-0.07944504171609879 | 0 | 1.0
-0.10705719143152237 | 0 | 1.0
-0.13858897984027863 | 0 | 1.0
Total reward: 10.0
5.9, 5.9, 5.9, 5.9, 5.9, 5.9, 5.9, 5.9, 5.9, 5.9
parameter ends

state | action | reward
[0.] | 0 | 1.0
0.003911799285560846 | 0 | 1.0
0.0004624750290531665 | 0 | 1.0
-0.006883868481963873 | 0 | 1.0
-0.01812872104346752 | 0 | 1.0
-0.03327513486146927 | 0 | 1.0
-0.05232740193605423 | 0 | 1.0
-0.07529051601886749 | 0 | 1.0
-0.1021694540977478 | 0 | 1.0
-0.13296815752983093 | 0 | 1.0
Total reward: 10.0
5.9, 5.9, 5.9, 5.9, 5.9, 5.9, 5.9, 5.9, 5.9, 5.9
parameter ends

state | action | reward
[0.03] | 0 | 1.0
0.035064902156591415 | 0 | 1.0
0.031963035464286804 | 0 | 1.0
0.024957450106739998 | 0 | 1.0
0.014046610333025455 | 0 | 1.0
-0.0007724260212853551 | 0 | 1.0
-0.019503619521856308 | 0 | 1.0
-0.04215136542916298 | 0 | 1.0
-0.06871964782476425 | 0 | 1.0
Total reward: 9.0
5.9, 5.9, 5.9, 5.9, 5.9, 5.9, 5.9, 5.9, 5.9, 5.9
parameter ends

state | action | reward
[-0.05] | 0 | 1.0
-0.05024241283535957 | 0 | 1.0
-0.05449043586850166 | 0 | 1.0
-0.06264431029558182 | 0 | 1.0
-0.07470549643039703 | 0 | 1.0
-0.09067682921886444 | 0 | 1.0
-0.11056211590766907 | 0 | 1.0
-0.1343654990196228 | 0 | 1.0
-0.16209067404270172 | 0 | 1.0
Total reward: 9.0
5.9, 5.9, 5.9, 5.9, 5.9, 5.9, 5.9, 5.9, 5.9, 5.9
parameter ends

state | action | reward
[0.03] | 0 | 1.0
0.026800056919455528 | 0 | 1.0
0.023806815966963768 | 0 | 1.0
0.01691547967493534 | 0 | 1.0
0.006124239880591631 | 0 | 1.0
-0.008570202626287937 | 0 | 1.0
-0.0271722711622715 | 0 | 1.0
-0.049686942249536514 | 0 | 1.0
-0.07611895352602005 | 0 | 1.0
-0.1064717099070549 | 0 | 1.0
Total reward: 10.0
5.9, 5.9, 5.9, 5.9, 5.9, 5.9, 5.9, 5.9, 5.9, 5.9
parameter ends

state | action | reward
[-0.02] | 0 | 1.0
-0.017523281276226044 | 0 | 1.0
-0.02120233327150345 | 0 | 1.0
-0.028789933770895004 | 0 | 1.0
-0.040287792682647705 | 0 | 1.0
-0.055698856711387634 | 0 | 1.0
-0.07502684742212296 | 0 | 1.0
-0.09827559441328049 | 0 | 1.0
-0.125448077917099 | 0 | 1.0
Total reward: 9.0
5.9, 5.9, 5.9, 5.9, 5.9, 5.9, 5.9, 5.9, 5.9, 5.9
parameter ends

state | action | reward
[-0.02] | 0 | 1.0
-0.016315137967467308 | 0 | 1.0
-0.020763514563441277 | 0 | 1.0
-0.029114235192537308 | 0 | 1.0
-0.04136883467435837 | 0 | 1.0
-0.05753028392791748 | 0 | 1.0
-0.07760263234376907 | 0 | 1.0
-0.10159040242433548 | 0 | 1.0
-0.12949781119823456 | 0 | 1.0
Total reward: 9.0
5.9, 5.9, 5.9, 5.9, 5.9, 5.9, 5.9, 5.9, 5.9, 5.9
parameter ends

state | action | reward
[0.01] | 0 | 1.0
0.011866265907883644 | 0 | 1.0
0.008580392226576805 | 0 | 1.0
0.001390568446367979 | 0 | 1.0
-0.009704744443297386 | 0 | 1.0
-0.02470848709344864 | 0 | 1.0
-0.04362461343407631 | 0 | 1.0
-0.06645749509334564 | 0 | 1.0
-0.09321106970310211 | 0 | 1.0
Total reward: 9.0
5.9, 5.9, 5.9, 5.9, 5.9, 5.9, 5.9, 5.9, 5.9, 5.9
parameter ends

state | action | reward
[0.02] | 0 | 1.0
0.020306695252656937 | 0 | 1.0
0.01574639417231083 | 0 | 1.0
0.007297108881175518 | 0 | 1.0
-0.00504295201972127 | 0 | 1.0
-0.02127724513411522 | 0 | 1.0
-0.04141058400273323 | 0 | 1.0
-0.06544866412878036 | 0 | 1.0
-0.09339737892150879 | 0 | 1.0
-0.12526187300682068 | 0 | 1.0
Total reward: 10.0
5.9, 5.9, 5.9, 5.9, 5.9, 5.9, 5.9, 5.9, 5.9, 5.9
parameter ends

state | action | reward
[0.03] | 0 | 1.0
0.03233432397246361 | 0 | 1.0
0.028721163049340248 | 0 | 1.0
0.021200107410550117 | 0 | 1.0
0.009769530966877937 | 0 | 1.0
-0.005573464557528496 | 0 | 1.0
-0.024832619354128838 | 0 | 1.0
-0.04801185056567192 | 0 | 1.0
-0.07511434704065323 | 0 | 1.0
Total reward: 9.0
5.9, 5.9, 5.9, 5.9, 5.9, 5.9, 5.9, 5.9, 5.9, 5.9
parameter ends

state | action | reward
[0.04] | 0 | 1.0
0.04297355189919472 | 0 | 1.0
0.03987586870789528 | 0 | 1.0
0.0328754223883152 | 0 | 1.0
0.02197057567536831 | 0 | 1.0
0.007158265914767981 | 0 | 1.0
-0.01156558096408844 | 0 | 1.0
-0.034205466508865356 | 0 | 1.0
-0.060765475034713745 | 0 | 1.0
Total reward: 9.0
5.9, 5.9, 5.9, 5.9, 5.9, 5.9, 5.9, 5.9, 5.9, 5.9
parameter ends

state | action | reward
[-0.01] | 0 | 1.0
-0.008325780741870403 | 0 | 1.0
-0.013212423771619797 | 0 | 1.0
-0.02200770378112793 | 0 | 1.0
-0.03471289575099945 | 0 | 1.0
-0.051330603659152985 | 0 | 1.0
-0.07186435163021088 | 0 | 1.0
-0.09631799161434174 | 0 | 1.0
-0.1246948167681694 | 0 | 1.0
Total reward: 9.0
5.9, 5.9, 5.9, 5.9, 5.9, 5.9, 5.9, 5.9, 5.9, 5.9
parameter ends

state | action | reward
[0.05] | 0 | 1.0
0.04759662225842476 | 0 | 1.0
0.04356854781508446 | 0 | 1.0
0.03563329577445984 | 0 | 1.0
0.023789186030626297 | 0 | 1.0
0.008033251389861107 | 0 | 1.0
-0.011638318188488483 | 0 | 1.0
-0.035229526460170746 | 0 | 1.0
-0.0627436563372612 | 0 | 1.0
Total reward: 9.0
5.9, 5.9, 5.9, 5.9, 5.9, 5.9, 5.9, 5.9, 5.9, 5.9
parameter ends

state | action | reward
[-0.04] | 0 | 1.0
-0.03441857174038887 | 0 | 1.0
-0.03743309900164604 | 0 | 1.0
-0.04433882236480713 | 0 | 1.0
-0.055137842893600464 | 0 | 1.0
-0.06983385980129242 | 0 | 1.0
-0.08843178302049637 | 0 | 1.0
-0.11093726009130478 | 0 | 1.0
-0.13735587894916534 | 0 | 1.0
-0.167692169547081 | 0 | 1.0
Total reward: 10.0
5.9, 5.9, 5.9, 5.9, 5.9, 5.9, 5.9, 5.9, 5.9, 5.9
parameter ends

state | action | reward
[0.05] | 0 | 1.0
0.04876001551747322 | 0 | 1.0
0.0439298041164875 | 0 | 1.0
0.03518928587436676 | 0 | 1.0
0.02253723330795765 | 0 | 1.0
0.005971142556518316 | 0 | 1.0
-0.014512377791106701 | 0 | 1.0
-0.03891698271036148 | 0 | 1.0
-0.06724569946527481 | 0 | 1.0
Total reward: 9.0
5.9, 5.9, 5.9, 5.9, 5.9, 5.9, 5.9, 5.9, 5.9, 5.9
parameter ends

state | action | reward
[0.01] | 0 | 1.0
0.01311640813946724 | 0 | 1.0
0.009467513300478458 | 0 | 1.0
0.001913728890940547 | 0 | 1.0
-0.009546622633934021 | 0 | 1.0
-0.024916566908359528 | 0 | 1.0
-0.04420006647706032 | 0 | 1.0
-0.06740139424800873 | 0 | 1.0
-0.09452425688505173 | 0 | 1.0
Total reward: 9.0
5.9, 5.9, 5.9, 5.9, 5.9, 5.9, 5.9, 5.9, 5.9, 5.9
parameter ends

state | action | reward
[0.02] | 0 | 1.0
0.023640204221010208 | 0 | 1.0
0.019523244351148605 | 0 | 1.0
0.011504314839839935 | 0 | 1.0
-0.00041798612801358104 | 0 | 1.0
-0.016246533021330833 | 0 | 1.0
-0.035985317081213 | 0 | 1.0
-0.05963888019323349 | 0 | 1.0
-0.08721154928207397 | 0 | 1.0
-0.11870633065700531 | 0 | 1.0
Total reward: 10.0
5.9, 5.9, 5.9, 5.9, 5.9, 5.9, 5.9, 5.9, 5.9, 5.9
parameter ends

state | action | reward
[-0.03] | 0 | 1.0
-0.028636856004595757 | 0 | 1.0
-0.03159916028380394 | 0 | 1.0
-0.03847556188702583 | 0 | 1.0
-0.04926731437444687 | 0 | 1.0
-0.06397682428359985 | 0 | 1.0
-0.0826072245836258 | 0 | 1.0
-0.10516165941953659 | 0 | 1.0
Total reward: 8.0
5.9, 5.9, 5.9, 5.9, 5.9, 5.9, 5.9, 5.9, 5.9, 5.9
parameter ends

state | action | reward
[-0.03] | 0 | 1.0
-0.02913852035999298 | 0 | 1.0
-0.032637882977724075 | 0 | 1.0
-0.04004964977502823 | 0 | 1.0
-0.05137532949447632 | 0 | 1.0
-0.06661758571863174 | 0 | 1.0
-0.08577976375818253 | 0 | 1.0
-0.10886520147323608 | 0 | 1.0
Total reward: 8.0
5.9, 5.9, 5.9, 5.9, 5.9, 5.9, 5.9, 5.9, 5.9, 5.9
parameter ends

state | action | reward
[0.01] | 0 | 1.0
0.010971971787512302 | 0 | 1.0
0.007778410334140062 | 0 | 1.0
0.0006698460201732814 | 0 | 1.0
-0.010354826226830482 | 0 | 1.0
-0.025297872722148895 | 0 | 1.0
-0.044162292033433914 | 0 | 1.0
-0.06695114076137543 | 0 | 1.0
Total reward: 8.0
