5.0, 5.0, 5.0, 5.0, 5.0, 5.0, 5.0, 5.0, 5.0, 5.0
parameter ends

state | action | reward
[-0.04] | 0 | 1.0
-0.04244005307555199 | 0 | 1.0
-0.04646513611078262 | 0 | 1.0
-0.05437997728586197 | 0 | 1.0
-0.06618618965148926 | 0 | 1.0
-0.08188705891370773 | 0 | 1.0
-0.10148727148771286 | 0 | 1.0
-0.12499239295721054 | 0 | 1.0
-0.15240825712680817 | 0 | 1.0
-0.18373997509479523 | 0 | 1.0
-0.21899083256721497 | 0 | 1.0
Total reward: 11.0
5.0, 5.0, 5.0, 5.0, 5.0, 5.0, 5.0, 5.0, 5.0, 5.0
parameter ends

state | action | reward
[-0.03] | 0 | 1.0
-0.027150878682732582 | 0 | 1.0
-0.030761610716581345 | 0 | 1.0
-0.03827818110585213 | 0 | 1.0
-0.04970232769846916 | 0 | 1.0
-0.06503710150718689 | 0 | 1.0
-0.08428644388914108 | 0 | 1.0
-0.10745450854301453 | 0 | 1.0
-0.13454477488994598 | 0 | 1.0
Total reward: 9.0
5.0, 5.0, 5.0, 5.0, 5.0, 5.0, 5.0, 5.0, 5.0, 5.0
parameter ends

state | action | reward
[0.03] | 0 | 1.0
0.024833740666508675 | 0 | 1.0
0.0202554352581501 | 0 | 1.0
0.011763866059482098 | 0 | 1.0
-0.000642248138319701 | 0 | 1.0
-0.016965368762612343 | 0 | 1.0
-0.03720869868993759 | 0 | 1.0
-0.06137549504637718 | 0 | 1.0
Total reward: 8.0
5.0, 5.0, 5.0, 5.0, 5.0, 5.0, 5.0, 5.0, 5.0, 5.0
parameter ends

state | action | reward
[0.02] | 0 | 1.0
0.023461224511265755 | 0 | 1.0
0.018681049346923828 | 0 | 1.0
0.0099857272580266 | 0 | 1.0
-0.0026261683087795973 | 0 | 1.0
-0.019157137721776962 | 0 | 1.0
-0.03961027041077614 | 0 | 1.0
-0.06398850679397583 | 0 | 1.0
Total reward: 8.0
5.0, 5.0, 5.0, 5.0, 5.0, 5.0, 5.0, 5.0, 5.0, 5.0
parameter ends

state | action | reward
[0.01] | 0 | 1.0
0.014481998980045319 | 0 | 1.0
0.01087119709700346 | 0 | 1.0
0.0033507863990962505 | 0 | 1.0
-0.008080549538135529 | 0 | 1.0
-0.02342541329562664 | 0 | 1.0
-0.04268728569149971 | 0 | 1.0
-0.06586990505456924 | 0 | 1.0
-0.09297635406255722 | 0 | 1.0
Total reward: 9.0
5.0, 5.0, 5.0, 5.0, 5.0, 5.0, 5.0, 5.0, 5.0, 5.0
parameter ends

state | action | reward
[-0.04] | 0 | 1.0
-0.0346226803958416 | 0 | 1.0
-0.037749286741018295 | 0 | 1.0
-0.04478684812784195 | 0 | 1.0
-0.05573661997914314 | 0 | 1.0
-0.07060112059116364 | 0 | 1.0
-0.08938370645046234 | 0 | 1.0
-0.11208795756101608 | 0 | 1.0
-0.13871674239635468 | 0 | 1.0
Total reward: 9.0
5.0, 5.0, 5.0, 5.0, 5.0, 5.0, 5.0, 5.0, 5.0, 5.0
parameter ends

state | action | reward
[0.03] | 0 | 1.0
0.034062810242176056 | 0 | 1.0
0.030261442065238953 | 0 | 1.0
0.022557027637958527 | 0 | 1.0
0.010948041453957558 | 0 | 1.0
-0.004568467382341623 | 0 | 1.0
-0.023996496573090553 | 0 | 1.0
-0.0473405085504055 | 0 | 1.0
-0.07460460066795349 | 0 | 1.0
Total reward: 9.0
5.0, 5.0, 5.0, 5.0, 5.0, 5.0, 5.0, 5.0, 5.0, 5.0
parameter ends

state | action | reward
[-0.] | 0 | 1.0
-0.004727889783680439 | 0 | 1.0
-0.00941937230527401 | 0 | 1.0
-0.018018638715147972 | 0 | 1.0
-0.030527135357260704 | 0 | 1.0
-0.04694762080907822 | 0 | 1.0
-0.0672837570309639 | 0 | 1.0
-0.09153949469327927 | 0 | 1.0
-0.11971816420555115 | 0 | 1.0
Total reward: 9.0
5.0, 5.0, 5.0, 5.0, 5.0, 5.0, 5.0, 5.0, 5.0, 5.0
parameter ends

state | action | reward
[0.05] | 0 | 1.0
0.04495896026492119 | 0 | 1.0
0.040531475096940994 | 0 | 1.0
0.03219263628125191 | 0 | 1.0
0.019941186532378197 | 0 | 1.0
0.0037746084854006767 | 0 | 1.0
-0.01631043665111065 | 0 | 1.0
-0.04031746834516525 | 0 | 1.0
-0.06824928522109985 | 0 | 1.0
Total reward: 9.0
5.0, 5.0, 5.0, 5.0, 5.0, 5.0, 5.0, 5.0, 5.0, 5.0
parameter ends

state | action | reward
[-0.05] | 0 | 1.0
-0.04754427447915077 | 0 | 1.0
-0.05107054114341736 | 0 | 1.0
-0.05850650742650032 | 0 | 1.0
-0.06985370069742203 | 0 | 1.0
-0.08511488884687424 | 0 | 1.0
-0.10429362952709198 | 0 | 1.0
-0.12739363312721252 | 0 | 1.0
-0.15441781282424927 | 0 | 1.0
Total reward: 9.0
5.0, 5.0, 5.0, 5.0, 5.0, 5.0, 5.0, 5.0, 5.0, 5.0
parameter ends

state | action | reward
[-0.04] | 0 | 1.0
-0.04279281944036484 | 0 | 1.0
-0.04662623628973961 | 0 | 1.0
-0.05435418710112572 | 0 | 1.0
-0.06597843766212463 | 0 | 1.0
-0.08150233328342438 | 0 | 1.0
-0.10093042999505997 | 0 | 1.0
-0.12426801770925522 | 0 | 1.0
-0.15152032673358917 | 0 | 1.0
-0.1826915442943573 | 0 | 1.0
Total reward: 10.0
5.0, 5.0, 5.0, 5.0, 5.0, 5.0, 5.0, 5.0, 5.0, 5.0
parameter ends

state | action | reward
[0.03] | 0 | 1.0
0.033693570643663406 | 0 | 1.0
0.02929552085697651 | 0 | 1.0
0.0209839828312397 | 0 | 1.0
0.008757705800235271 | 0 | 1.0
-0.007385743781924248 | 0 | 1.0
-0.027449538931250572 | 0 | 1.0
-0.05143691599369049 | 0 | 1.0
Total reward: 8.0
5.0, 5.0, 5.0, 5.0, 5.0, 5.0, 5.0, 5.0, 5.0, 5.0
parameter ends

state | action | reward
[-0.] | 0 | 1.0
-0.004147040192037821 | 0 | 1.0
-0.008494687266647816 | 0 | 1.0
-0.016756154596805573 | 0 | 1.0
-0.02893269993364811 | 0 | 1.0
-0.045026745647192 | 0 | 1.0
-0.0650414451956749 | 0 | 1.0
-0.08897997438907623 | 0 | 1.0
Total reward: 8.0
5.0, 5.0, 5.0, 5.0, 5.0, 5.0, 5.0, 5.0, 5.0, 5.0
parameter ends

state | action | reward
[-0.03] | 0 | 1.0
-0.0289139561355114 | 0 | 1.0
-0.03364265710115433 | 0 | 1.0
-0.04226435720920563 | 0 | 1.0
-0.054780665785074234 | 0 | 1.0
-0.07119480520486832 | 0 | 1.0
-0.0915113240480423 | 0 | 1.0
-0.11573554575443268 | 0 | 1.0
-0.1438729465007782 | 0 | 1.0
-0.17592810094356537 | 0 | 1.0
Total reward: 10.0
5.0, 5.0, 5.0, 5.0, 5.0, 5.0, 5.0, 5.0, 5.0, 5.0
parameter ends

state | action | reward
[0.02] | 0 | 1.0
0.02401677519083023 | 0 | 1.0
0.01921025849878788 | 0 | 1.0
0.010494207963347435 | 0 | 1.0
-0.002132871188223362 | 0 | 1.0
-0.0186737272888422 | 0 | 1.0
-0.039131924510002136 | 0 | 1.0
-0.0635111853480339 | 0 | 1.0
-0.09181448072195053 | 0 | 1.0
Total reward: 9.0
5.0, 5.0, 5.0, 5.0, 5.0, 5.0, 5.0, 5.0, 5.0, 5.0
parameter ends

state | action | reward
[0.02] | 0 | 1.0
0.016280531883239746 | 0 | 1.0
0.01188244391232729 | 0 | 1.0
0.0035782423801720142 | 0 | 1.0
-0.00863382313400507 | 0 | 1.0
-0.02475680224597454 | 0 | 1.0
-0.04479461535811424 | 0 | 1.0
-0.06875138729810715 | 0 | 1.0
-0.09663055092096329 | 0 | 1.0
Total reward: 9.0
5.0, 5.0, 5.0, 5.0, 5.0, 5.0, 5.0, 5.0, 5.0, 5.0
parameter ends

state | action | reward
[-0.] | 0 | 1.0
-0.004502264782786369 | 0 | 1.0
-0.009215475991368294 | 0 | 1.0
-0.017817029729485512 | 0 | 1.0
-0.030308572575449944 | 0 | 1.0
-0.04669345170259476 | 0 | 1.0
-0.06697641313076019 | 0 | 1.0
-0.09116313606500626 | 0 | 1.0
-0.11925958842039108 | 0 | 1.0
-0.15127111971378326 | 0 | 1.0
-0.18720127642154694 | 0 | 1.0
Total reward: 11.0
5.0, 5.0, 5.0, 5.0, 5.0, 5.0, 5.0, 5.0, 5.0, 5.0
parameter ends

state | action | reward
[0.05] | 0 | 1.0
0.04824954643845558 | 0 | 1.0
0.044041529297828674 | 0 | 1.0
0.035938601940870285 | 0 | 1.0
0.02393890917301178 | 0 | 1.0
0.008039048872888088 | 0 | 1.0
-0.011765587143599987 | 0 | 1.0
-0.03548026084899902 | 0 | 1.0
-0.06311014294624329 | 0 | 1.0
-0.09465925395488739 | 0 | 1.0
Total reward: 10.0
5.0, 5.0, 5.0, 5.0, 5.0, 5.0, 5.0, 5.0, 5.0, 5.0
parameter ends

state | action | reward
[0.03] | 0 | 1.0
0.03292630985379219 | 0 | 1.0
0.028667757287621498 | 0 | 1.0
0.020496690645813942 | 0 | 1.0
0.00841179396957159 | 0 | 1.0
-0.007589439861476421 | 0 | 1.0
-0.027510281652212143 | 0 | 1.0
-0.05135409161448479 | 0 | 1.0
-0.07912338525056839 | 0 | 1.0
Total reward: 9.0
5.0, 5.0, 5.0, 5.0, 5.0, 5.0, 5.0, 5.0, 5.0, 5.0
parameter ends

state | action | reward
[0.02] | 0 | 1.0
0.019247235730290413 | 0 | 1.0
0.015445372089743614 | 0 | 1.0
0.007731800898909569 | 0 | 1.0
-0.003895033150911331 | 0 | 1.0
-0.019437851384282112 | 0 | 1.0
-0.03890007361769676 | 0 | 1.0
-0.06228512525558472 | 0 | 1.0
Total reward: 8.0
