5.3, 5.3, 5.3, 5.3, 5.3, 5.3, 5.3, 5.3, 5.3, 5.3
parameter ends

state | action | reward
[-0.05] | 0 | 1.0
-0.04973252862691879 | 0 | 1.0
-0.05439149960875511 | 0 | 1.0
-0.06294804811477661 | 0 | 1.0
-0.07540400326251984 | 0 | 1.0
-0.09176267683506012 | 0 | 1.0
-0.11202852427959442 | 0 | 1.0
-0.13620658218860626 | 0 | 1.0
-0.16430164873600006 | 0 | 1.0
-0.19631722569465637 | 0 | 1.0
Total reward: 10.0
5.3, 5.3, 5.3, 5.3, 5.3, 5.3, 5.3, 5.3, 5.3, 5.3
parameter ends

state | action | reward
[0.04] | 0 | 1.0
0.04268254339694977 | 0 | 1.0
0.03946549817919731 | 0 | 1.0
0.03236028924584389 | 0 | 1.0
0.021365266293287277 | 0 | 1.0
0.006477076560258865 | 0 | 1.0
-0.012309027835726738 | 0 | 1.0
-0.03499874472618103 | 0 | 1.0
-0.06159806251525879 | 0 | 1.0
-0.09211235493421555 | 0 | 1.0
-0.12654519081115723 | 0 | 1.0
Total reward: 11.0
5.3, 5.3, 5.3, 5.3, 5.3, 5.3, 5.3, 5.3, 5.3, 5.3
parameter ends

state | action | reward
[0.02] | 0 | 1.0
0.014979338273406029 | 0 | 1.0
0.010931337252259254 | 0 | 1.0
0.0029744254425168037 | 0 | 1.0
-0.008892632089555264 | 0 | 1.0
-0.02467239461839199 | 0 | 1.0
-0.044368352741003036 | 0 | 1.0
-0.06798432767391205 | 0 | 1.0
-0.09552358090877533 | 0 | 1.0
Total reward: 9.0
5.3, 5.3, 5.3, 5.3, 5.3, 5.3, 5.3, 5.3, 5.3, 5.3
parameter ends

state | action | reward
[-0.01] | 0 | 1.0
-0.013599463738501072 | 0 | 1.0
-0.018319306895136833 | 0 | 1.0
-0.026942189782857895 | 0 | 1.0
-0.03946981951594353 | 0 | 1.0
-0.0559053011238575 | 0 | 1.0
-0.07625272125005722 | 0 | 1.0
-0.10051656514406204 | 0 | 1.0
-0.12870082259178162 | 0 | 1.0
Total reward: 9.0
5.3, 5.3, 5.3, 5.3, 5.3, 5.3, 5.3, 5.3, 5.3, 5.3
parameter ends

state | action | reward
[0.05] | 0 | 1.0
0.04639218747615814 | 0 | 1.0
0.04306717589497566 | 0 | 1.0
0.03583840653300285 | 0 | 1.0
0.024704108014702797 | 0 | 1.0
0.009661149233579636 | 0 | 1.0
-0.00929455179721117 | 0 | 1.0
-0.03216739743947983 | 0 | 1.0
-0.058961231261491776 | 0 | 1.0
Total reward: 9.0
5.3, 5.3, 5.3, 5.3, 5.3, 5.3, 5.3, 5.3, 5.3, 5.3
parameter ends

state | action | reward
[0.02] | 0 | 1.0
0.017054278403520584 | 0 | 1.0
0.012559768743813038 | 0 | 1.0
0.004152211360633373 | 0 | 1.0
-0.008169946260750294 | 0 | 1.0
-0.024409377947449684 | 0 | 1.0
-0.04456939175724983 | 0 | 1.0
-0.06865321099758148 | 0 | 1.0
Total reward: 8.0
5.3, 5.3, 5.3, 5.3, 5.3, 5.3, 5.3, 5.3, 5.3, 5.3
parameter ends

state | action | reward
[0.04] | 0 | 1.0
0.04178914800286293 | 0 | 1.0
0.03844194859266281 | 0 | 1.0
0.03119305893778801 | 0 | 1.0
0.020040597766637802 | 0 | 1.0
0.004981290083378553 | 0 | 1.0
-0.01398912537842989 | 0 | 1.0
-0.03687528148293495 | 0 | 1.0
-0.06368131190538406 | 0 | 1.0
Total reward: 9.0
5.3, 5.3, 5.3, 5.3, 5.3, 5.3, 5.3, 5.3, 5.3, 5.3
parameter ends

state | action | reward
[0.01] | 0 | 1.0
0.007869402877986431 | 0 | 1.0
0.0032724987249821424 | 0 | 1.0
-0.005217039957642555 | 0 | 1.0
-0.017600756138563156 | 0 | 1.0
-0.03388183191418648 | 0 | 1.0
-0.05406477302312851 | 0 | 1.0
-0.07815492898225784 | 0 | 1.0
-0.1061578169465065 | 0 | 1.0
-0.13807812333106995 | 0 | 1.0
Total reward: 10.0
5.3, 5.3, 5.3, 5.3, 5.3, 5.3, 5.3, 5.3, 5.3, 5.3
parameter ends

state | action | reward
[0.01] | 0 | 1.0
0.01152072288095951 | 0 | 1.0
0.008541549555957317 | 0 | 1.0
0.0016662913840264082 | 0 | 1.0
-0.009106701239943504 | 0 | 1.0
-0.023780638352036476 | 0 | 1.0
-0.04235994815826416 | 0 | 1.0
-0.06484974920749664 | 0 | 1.0
-0.09125509858131409 | 0 | 1.0
-0.12157998234033585 | 0 | 1.0
Total reward: 10.0
5.3, 5.3, 5.3, 5.3, 5.3, 5.3, 5.3, 5.3, 5.3, 5.3
parameter ends

state | action | reward
[0.05] | 0 | 1.0
0.04763495549559593 | 0 | 1.0
0.044208358973264694 | 0 | 1.0
0.03688724339008331 | 0 | 1.0
0.025669971480965614 | 0 | 1.0
0.010553334839642048 | 0 | 1.0
-0.008467153646051884 | 0 | 1.0
-0.03139672800898552 | 0 | 1.0
-0.058240655809640884 | 0 | 1.0
-0.08900324255228043 | 0 | 1.0
Total reward: 10.0
5.3, 5.3, 5.3, 5.3, 5.3, 5.3, 5.3, 5.3, 5.3, 5.3
parameter ends

state | action | reward
[0.03] | 0 | 1.0
0.030856378376483917 | 0 | 1.0
0.027554752305150032 | 0 | 1.0
0.020355448126792908 | 0 | 1.0
0.009256617166101933 | 0 | 1.0
-0.005745084956288338 | 0 | 1.0
-0.024654125794768333 | 0 | 1.0
-0.047475531697273254 | 0 | 1.0
-0.07421407103538513 | 0 | 1.0
-0.10487321764230728 | 0 | 1.0
Total reward: 10.0
5.3, 5.3, 5.3, 5.3, 5.3, 5.3, 5.3, 5.3, 5.3, 5.3
parameter ends

state | action | reward
[0.] | 0 | 1.0
0.0014717879239469767 | 0 | 1.0
-0.0022993283346295357 | 0 | 1.0
-0.009972845204174519 | 0 | 1.0
-0.021550608798861504 | 0 | 1.0
-0.03703584894537926 | 0 | 1.0
-0.05643276497721672 | 0 | 1.0
-0.07974591106176376 | 0 | 1.0
-0.10697933286428452 | 0 | 1.0
Total reward: 9.0
5.3, 5.3, 5.3, 5.3, 5.3, 5.3, 5.3, 5.3, 5.3, 5.3
parameter ends

state | action | reward
[-0.02] | 0 | 1.0
-0.015442479401826859 | 0 | 1.0
-0.019360510632395744 | 0 | 1.0
-0.02718832716345787 | 0 | 1.0
-0.038927484303712845 | 0 | 1.0
-0.05458076670765877 | 0 | 1.0
-0.07415174692869186 | 0 | 1.0
-0.09764410555362701 | 0 | 1.0
-0.12506072223186493 | 0 | 1.0
Total reward: 9.0
5.3, 5.3, 5.3, 5.3, 5.3, 5.3, 5.3, 5.3, 5.3, 5.3
parameter ends

state | action | reward
[0.05] | 0 | 1.0
0.047492481768131256 | 0 | 1.0
0.04273732751607895 | 0 | 1.0
0.034089867025613785 | 0 | 1.0
0.021548161283135414 | 0 | 1.0
0.005108668003231287 | 0 | 1.0
-0.015233391895890236 | 0 | 1.0
-0.03948352113366127 | 0 | 1.0
-0.06764719635248184 | 0 | 1.0
-0.09972888231277466 | 0 | 1.0
Total reward: 10.0
5.3, 5.3, 5.3, 5.3, 5.3, 5.3, 5.3, 5.3, 5.3, 5.3
parameter ends

state | action | reward
[0.04] | 0 | 1.0
0.043771930038928986 | 0 | 1.0
0.0394851453602314 | 0 | 1.0
0.0312933512032032 | 0 | 1.0
0.01919514499604702 | 0 | 1.0
0.003187716705724597 | 0 | 1.0
-0.016732756048440933 | 0 | 1.0
-0.04057052358984947 | 0 | 1.0
-0.06832942366600037 | 0 | 1.0
Total reward: 9.0
5.3, 5.3, 5.3, 5.3, 5.3, 5.3, 5.3, 5.3, 5.3, 5.3
parameter ends

state | action | reward
[0.04] | 0 | 1.0
0.03802742809057236 | 0 | 1.0
0.03323529288172722 | 0 | 1.0
0.024548688903450966 | 0 | 1.0
0.011965783312916756 | 0 | 1.0
-0.004516822285950184 | 0 | 1.0
-0.024903742596507072 | 0 | 1.0
-0.04920027405023575 | 0 | 1.0
-0.07741164416074753 | 0 | 1.0
-0.10954198986291885 | 0 | 1.0
Total reward: 10.0
5.3, 5.3, 5.3, 5.3, 5.3, 5.3, 5.3, 5.3, 5.3, 5.3
parameter ends

state | action | reward
[0.03] | 0 | 1.0
0.025557972490787506 | 0 | 1.0
0.021522268652915955 | 0 | 1.0
0.01359221525490284 | 0 | 1.0
0.001766266068443656 | 0 | 1.0
-0.013958730734884739 | 0 | 1.0
-0.03358721360564232 | 0 | 1.0
-0.057124413549900055 | 0 | 1.0
-0.08457562327384949 | 0 | 1.0
-0.1159452572464943 | 0 | 1.0
Total reward: 10.0
5.3, 5.3, 5.3, 5.3, 5.3, 5.3, 5.3, 5.3, 5.3, 5.3
parameter ends

state | action | reward
[-0.01] | 0 | 1.0
-0.0072065070271492004 | 0 | 1.0
-0.011640723794698715 | 0 | 1.0
-0.01998940110206604 | 0 | 1.0
-0.03225397318601608 | 0 | 1.0
-0.048436976969242096 | 0 | 1.0
-0.06854156404733658 | 0 | 1.0
-0.09257077425718307 | 0 | 1.0
Total reward: 8.0
5.3, 5.3, 5.3, 5.3, 5.3, 5.3, 5.3, 5.3, 5.3, 5.3
parameter ends

state | action | reward
[0.04] | 0 | 1.0
0.03742538020014763 | 0 | 1.0
0.033880993723869324 | 0 | 1.0
0.026420949026942253 | 0 | 1.0
0.015044016763567924 | 0 | 1.0
-0.0002521358255762607 | 0 | 1.0
-0.019470494240522385 | 0 | 1.0
-0.04261399060487747 | 0 | 1.0
Total reward: 8.0
5.3, 5.3, 5.3, 5.3, 5.3, 5.3, 5.3, 5.3, 5.3, 5.3
parameter ends

state | action | reward
[0.04] | 0 | 1.0
0.043286118656396866 | 0 | 1.0
0.03928510099649429 | 0 | 1.0
0.031377583742141724 | 0 | 1.0
0.019561944529414177 | 0 | 1.0
0.003835255280137062 | 0 | 1.0
-0.015806319192051888 | 0 | 1.0
-0.039366863667964935 | 0 | 1.0
-0.06684983521699905 | 0 | 1.0
Total reward: 9.0
