5.3, 5.3, 5.3, 5.3, 5.3, 5.3, 5.3, 5.3, 5.3, 5.3
parameter ends

state | action | reward
[-0.02] | 0 | 1.0
-0.01875639706850052 | 0 | 1.0
-0.02288748137652874 | 0 | 1.0
-0.030908163636922836 | 0 | 1.0
-0.04282047227025032 | 0 | 1.0
-0.05862805247306824 | 0 | 1.0
-0.07833585143089294 | 0 | 1.0
-0.10194960236549377 | 0 | 1.0
-0.12947510182857513 | 0 | 1.0
-0.1609172374010086 | 0 | 1.0
Total reward: 10.0
5.3, 5.3, 5.3, 5.3, 5.3, 5.3, 5.3, 5.3, 5.3, 5.3
parameter ends

state | action | reward
[-0.03] | 0 | 1.0
-0.03219933062791824 | 0 | 1.0
-0.03578607365489006 | 0 | 1.0
-0.04328541457653046 | 0 | 1.0
-0.05469876527786255 | 0 | 1.0
-0.07002870738506317 | 0 | 1.0
-0.08927852660417557 | 0 | 1.0
-0.11245156079530716 | 0 | 1.0
Total reward: 8.0
5.3, 5.3, 5.3, 5.3, 5.3, 5.3, 5.3, 5.3, 5.3, 5.3
parameter ends

state | action | reward
[0.01] | 0 | 1.0
0.01050134189426899 | 0 | 1.0
0.006922366097569466 | 0 | 1.0
-0.0005657848669216037 | 0 | 1.0
-0.011964457109570503 | 0 | 1.0
-0.02727629244327545 | 0 | 1.0
-0.04650481417775154 | 0 | 1.0
-0.06965380907058716 | 0 | 1.0
-0.0967264249920845 | 0 | 1.0
Total reward: 9.0
5.3, 5.3, 5.3, 5.3, 5.3, 5.3, 5.3, 5.3, 5.3, 5.3
parameter ends

state | action | reward
[-0.01] | 0 | 1.0
-0.010106994770467281 | 0 | 1.0
-0.01345168799161911 | 0 | 1.0
-0.02069082483649254 | 0 | 1.0
-0.03182591125369072 | 0 | 1.0
-0.04686007648706436 | 0 | 1.0
-0.06579772382974625 | 0 | 1.0
-0.08864406496286392 | 0 | 1.0
-0.1154043972492218 | 0 | 1.0
-0.14608313143253326 | 0 | 1.0
Total reward: 10.0
5.3, 5.3, 5.3, 5.3, 5.3, 5.3, 5.3, 5.3, 5.3, 5.3
parameter ends

state | action | reward
[0.02] | 0 | 1.0
0.01914578303694725 | 0 | 1.0
0.015038306824862957 | 0 | 1.0
0.0070219486951828 | 0 | 1.0
-0.004904821515083313 | 0 | 1.0
-0.020744798704981804 | 0 | 1.0
-0.040501609444618225 | 0 | 1.0
-0.06417906284332275 | 0 | 1.0
-0.09178021550178528 | 0 | 1.0
Total reward: 9.0
5.3, 5.3, 5.3, 5.3, 5.3, 5.3, 5.3, 5.3, 5.3, 5.3
parameter ends

state | action | reward
[0.01] | 0 | 1.0
0.004904771223664284 | 0 | 1.0
0.0006588113610632718 | 0 | 1.0
-0.007497963961213827 | 0 | 1.0
-0.019567059352993965 | 0 | 1.0
-0.03555119037628174 | 0 | 1.0
-0.0554538257420063 | 0 | 1.0
-0.07927852869033813 | 0 | 1.0
-0.10702798515558243 | 0 | 1.0
Total reward: 9.0
5.3, 5.3, 5.3, 5.3, 5.3, 5.3, 5.3, 5.3, 5.3, 5.3
parameter ends

state | action | reward
[0.] | 0 | 1.0
0.0010870741680264473 | 0 | 1.0
-0.0020180062856525183 | 0 | 1.0
-0.009021192789077759 | 0 | 1.0
-0.019924264401197433 | 0 | 1.0
-0.03473050147294998 | 0 | 1.0
-0.053444307297468185 | 0 | 1.0
-0.07607065141201019 | 0 | 1.0
-0.10261427611112595 | 0 | 1.0
-0.13307863473892212 | 0 | 1.0
Total reward: 10.0
5.3, 5.3, 5.3, 5.3, 5.3, 5.3, 5.3, 5.3, 5.3, 5.3
parameter ends

state | action | reward
[-0.] | 0 | 1.0
-0.0022906640078872442 | 0 | 1.0
-0.005600428208708763 | 0 | 1.0
-0.012810148298740387 | 0 | 1.0
-0.023921724408864975 | 0 | 1.0
-0.0389384925365448 | 0 | 1.0
-0.05786482244729996 | 0 | 1.0
-0.08070553094148636 | 0 | 1.0
-0.10746502876281738 | 0 | 1.0
Total reward: 9.0
5.3, 5.3, 5.3, 5.3, 5.3, 5.3, 5.3, 5.3, 5.3, 5.3
parameter ends

state | action | reward
[0.05] | 0 | 1.0
0.048006054013967514 | 0 | 1.0
0.043460216373205185 | 0 | 1.0
0.035000141710042953 | 0 | 1.0
0.022624410688877106 | 0 | 1.0
0.006330491043627262 | 0 | 1.0
-0.01388478185981512 | 0 | 1.0
-0.03802449628710747 | 0 | 1.0
Total reward: 8.0
5.3, 5.3, 5.3, 5.3, 5.3, 5.3, 5.3, 5.3, 5.3, 5.3
parameter ends

state | action | reward
[-0.04] | 0 | 1.0
-0.04169509932398796 | 0 | 1.0
-0.04474092647433281 | 0 | 1.0
-0.05168994888663292 | 0 | 1.0
-0.06254380941390991 | 0 | 1.0
-0.07730553299188614 | 0 | 1.0
-0.09597918391227722 | 0 | 1.0
-0.11856921017169952 | 0 | 1.0
-0.1450796276330948 | 0 | 1.0
Total reward: 9.0
5.3, 5.3, 5.3, 5.3, 5.3, 5.3, 5.3, 5.3, 5.3, 5.3
parameter ends

state | action | reward
[0.02] | 0 | 1.0
0.01733729988336563 | 0 | 1.0
0.0128870764747262 | 0 | 1.0
0.004534734413027763 | 0 | 1.0
-0.007721475325524807 | 0 | 1.0
-0.023884711787104607 | 0 | 1.0
-0.04395914077758789 | 0 | 1.0
-0.0679493397474289 | 0 | 1.0
-0.09585945308208466 | 0 | 1.0
Total reward: 9.0
5.3, 5.3, 5.3, 5.3, 5.3, 5.3, 5.3, 5.3, 5.3, 5.3
parameter ends

state | action | reward
[-0.02] | 0 | 1.0
-0.01629653200507164 | 0 | 1.0
-0.020702410489320755 | 0 | 1.0
-0.028996482491493225 | 0 | 1.0
-0.041180357336997986 | 0 | 1.0
-0.05725735053420067 | 0 | 1.0
-0.07723218202590942 | 0 | 1.0
-0.10111052542924881 | 0 | 1.0
-0.12889836728572845 | 0 | 1.0
-0.16060110926628113 | 0 | 1.0
-0.19622236490249634 | 0 | 1.0
Total reward: 11.0
5.3, 5.3, 5.3, 5.3, 5.3, 5.3, 5.3, 5.3, 5.3, 5.3
parameter ends

state | action | reward
[0.04] | 0 | 1.0
0.03464394435286522 | 0 | 1.0
0.030294198542833328 | 0 | 1.0
0.022054845467209816 | 0 | 1.0
0.009924200363457203 | 0 | 1.0
-0.006101089064031839 | 0 | 1.0
-0.026025740429759026 | 0 | 1.0
-0.049855370074510574 | 0 | 1.0
-0.0775958001613617 | 0 | 1.0
-0.10925216972827911 | 0 | 1.0
-0.14482766389846802 | 0 | 1.0
Total reward: 11.0
5.3, 5.3, 5.3, 5.3, 5.3, 5.3, 5.3, 5.3, 5.3, 5.3
parameter ends

state | action | reward
[-0.02] | 0 | 1.0
-0.014882496558129787 | 0 | 1.0
-0.018157323822379112 | 0 | 1.0
-0.025343047454953194 | 0 | 1.0
-0.03644128143787384 | 0 | 1.0
-0.0514548122882843 | 0 | 1.0
-0.07038715481758118 | 0 | 1.0
-0.09324182569980621 | 0 | 1.0
-0.12002141028642654 | 0 | 1.0
Total reward: 9.0
5.3, 5.3, 5.3, 5.3, 5.3, 5.3, 5.3, 5.3, 5.3, 5.3
parameter ends

state | action | reward
[0.01] | 0 | 1.0
0.012617366388440132 | 0 | 1.0
0.009225583635270596 | 0 | 1.0
0.0019376564305275679 | 0 | 1.0
-0.009248396381735802 | 0 | 1.0
-0.024336060509085655 | 0 | 1.0
-0.043329957872629166 | 0 | 1.0
-0.06623527407646179 | 0 | 1.0
-0.09305696189403534 | 0 | 1.0
-0.1237986758351326 | 0 | 1.0
Total reward: 10.0
5.3, 5.3, 5.3, 5.3, 5.3, 5.3, 5.3, 5.3, 5.3, 5.3
parameter ends

state | action | reward
[-0.02] | 0 | 1.0
-0.018389249220490456 | 0 | 1.0
-0.021375538781285286 | 0 | 1.0
-0.0282596405595541 | 0 | 1.0
-0.039043352007865906 | 0 | 1.0
-0.05372997000813484 | 0 | 1.0
-0.07232392579317093 | 0 | 1.0
-0.0948302298784256 | 0 | 1.0
-0.12125364691019058 | 0 | 1.0
-0.15159767866134644 | 0 | 1.0
Total reward: 10.0
5.3, 5.3, 5.3, 5.3, 5.3, 5.3, 5.3, 5.3, 5.3, 5.3
parameter ends

state | action | reward
[0.02] | 0 | 1.0
0.022238265722990036 | 0 | 1.0
0.018677473068237305 | 0 | 1.0
0.011220871470868587 | 0 | 1.0
-0.00013354193652048707 | 0 | 1.0
-0.015389282256364822 | 0 | 1.0
-0.034550998359918594 | 0 | 1.0
-0.05762391537427902 | 0 | 1.0
-0.08461302518844604 | 0 | 1.0
-0.11552202701568604 | 0 | 1.0
Total reward: 10.0
5.3, 5.3, 5.3, 5.3, 5.3, 5.3, 5.3, 5.3, 5.3, 5.3
parameter ends

state | action | reward
[-0.04] | 0 | 1.0
-0.036336127668619156 | 0 | 1.0
-0.03928294777870178 | 0 | 1.0
-0.046145517379045486 | 0 | 1.0
-0.05692522972822189 | 0 | 1.0
-0.07162453979253769 | 0 | 1.0
-0.09024647623300552 | 0 | 1.0
-0.11279388517141342 | 0 | 1.0
Total reward: 8.0
5.3, 5.3, 5.3, 5.3, 5.3, 5.3, 5.3, 5.3, 5.3, 5.3
parameter ends

state | action | reward
[0.01] | 0 | 1.0
0.00458119809627533 | 0 | 1.0
-5.936295201536268e-05 | 0 | 1.0
-0.008594057522714138 | 0 | 1.0
-0.021024513989686966 | 0 | 1.0
-0.037353962659835815 | 0 | 1.0
-0.057586900889873505 | 0 | 1.0
-0.08172859996557236 | 0 | 1.0
-0.10978437215089798 | 0 | 1.0
-0.14175859093666077 | 0 | 1.0
Total reward: 10.0
5.3, 5.3, 5.3, 5.3, 5.3, 5.3, 5.3, 5.3, 5.3, 5.3
parameter ends

state | action | reward
[-0.03] | 0 | 1.0
-0.02816144935786724 | 0 | 1.0
-0.03166118636727333 | 0 | 1.0
-0.03905235230922699 | 0 | 1.0
-0.05033658817410469 | 0 | 1.0
-0.06551717221736908 | 0 | 1.0
-0.08459872752428055 | 0 | 1.0
-0.10758671909570694 | 0 | 1.0
-0.13448677957057953 | 0 | 1.0
-0.16530375182628632 | 0 | 1.0
Total reward: 10.0
