5.8, 5.8, 5.8, 5.8, 5.8, 5.8, 5.8, 5.8, 5.8, 5.8
parameter ends

state | action | reward
[0.02] | 0 | 1.0
0.020657772198319435 | 0 | 1.0
0.01733938232064247 | 0 | 1.0
0.010117526166141033 | 0 | 1.0
-0.0010093501769006252 | 0 | 1.0
-0.01604420877993107 | 0 | 1.0
-0.03499104082584381 | 0 | 1.0
-0.05785426124930382 | 0 | 1.0
-0.08463788777589798 | 0 | 1.0
Total reward: 9.0
5.8, 5.8, 5.8, 5.8, 5.8, 5.8, 5.8, 5.8, 5.8, 5.8
parameter ends

state | action | reward
[0.01] | 0 | 1.0
0.010019062086939812 | 0 | 1.0
0.005679382011294365 | 0 | 1.0
-0.002569139003753662 | 0 | 1.0
-0.014728170819580555 | 0 | 1.0
-0.03080061823129654 | 0 | 1.0
-0.05079016834497452 | 0 | 1.0
-0.07470061630010605 | 0 | 1.0
-0.10253491997718811 | 0 | 1.0
Total reward: 9.0
5.8, 5.8, 5.8, 5.8, 5.8, 5.8, 5.8, 5.8, 5.8, 5.8
parameter ends

state | action | reward
[-0.01] | 0 | 1.0
-0.011741094291210175 | 0 | 1.0
-0.015499063767492771 | 0 | 1.0
-0.023150207474827766 | 0 | 1.0
-0.034696344286203384 | 0 | 1.0
-0.05014088377356529 | 0 | 1.0
-0.06948848813772202 | 0 | 1.0
-0.09274455904960632 | 0 | 1.0
-0.11991448700428009 | 0 | 1.0
-0.1510026752948761 | 0 | 1.0
Total reward: 10.0
5.8, 5.8, 5.8, 5.8, 5.8, 5.8, 5.8, 5.8, 5.8, 5.8
parameter ends

state | action | reward
[-0.] | 0 | 1.0
-0.0011557607213035226 | 0 | 1.0
-0.005168240517377853 | 0 | 1.0
-0.013083226978778839 | 0 | 1.0
-0.024902237579226494 | 0 | 1.0
-0.04062822461128235 | 0 | 1.0
-0.06026521697640419 | 0 | 1.0
-0.08381772041320801 | 0 | 1.0
-0.11128993332386017 | 0 | 1.0
Total reward: 9.0
5.8, 5.8, 5.8, 5.8, 5.8, 5.8, 5.8, 5.8, 5.8, 5.8
parameter ends

state | action | reward
[0.01] | 0 | 1.0
0.01044137217104435 | 0 | 1.0
0.005873804911971092 | 0 | 1.0
-0.0026084412820637226 | 0 | 1.0
-0.015006542205810547 | 0 | 1.0
-0.03132282942533493 | 0 | 1.0
-0.05156034976243973 | 0 | 1.0
-0.07572219520807266 | 0 | 1.0
Total reward: 8.0
5.8, 5.8, 5.8, 5.8, 5.8, 5.8, 5.8, 5.8, 5.8, 5.8
parameter ends

state | action | reward
[-0.04] | 0 | 1.0
-0.04321964457631111 | 0 | 1.0
-0.04651716724038124 | 0 | 1.0
-0.05370693281292915 | 0 | 1.0
-0.06479087471961975 | 0 | 1.0
-0.07977252453565598 | 0 | 1.0
-0.09865666925907135 | 0 | 1.0
-0.12144879996776581 | 0 | 1.0
-0.14815440773963928 | 0 | 1.0
-0.17877797782421112 | 0 | 1.0
Total reward: 10.0
5.8, 5.8, 5.8, 5.8, 5.8, 5.8, 5.8, 5.8, 5.8, 5.8
parameter ends

state | action | reward
[-0.02] | 0 | 1.0
-0.02140563726425171 | 0 | 1.0
-0.024763930588960648 | 0 | 1.0
-0.03203032910823822 | 0 | 1.0
-0.04320637881755829 | 0 | 1.0
-0.058294910937547684 | 0 | 1.0
-0.07729961723089218 | 0 | 1.0
-0.10022440552711487 | 0 | 1.0
-0.12707246840000153 | 0 | 1.0
Total reward: 9.0
5.8, 5.8, 5.8, 5.8, 5.8, 5.8, 5.8, 5.8, 5.8, 5.8
parameter ends

state | action | reward
[0.05] | 0 | 1.0
0.04825867339968681 | 0 | 1.0
0.04512350633740425 | 0 | 1.0
0.03808107227087021 | 0 | 1.0
0.027129894122481346 | 0 | 1.0
0.012267164885997772 | 0 | 1.0
-0.006510833743959665 | 0 | 1.0
-0.029208103194832802 | 0 | 1.0
-0.05582804977893829 | 0 | 1.0
Total reward: 9.0
5.8, 5.8, 5.8, 5.8, 5.8, 5.8, 5.8, 5.8, 5.8, 5.8
parameter ends

state | action | reward
[-0.] | 0 | 1.0
-0.0037749840412288904 | 0 | 1.0
-0.007056068629026413 | 0 | 1.0
-0.01425100862979889 | 0 | 1.0
-0.025361252948641777 | 0 | 1.0
-0.040389370173215866 | 0 | 1.0
-0.059338562190532684 | 0 | 1.0
-0.08221197128295898 | 0 | 1.0
Total reward: 8.0
5.8, 5.8, 5.8, 5.8, 5.8, 5.8, 5.8, 5.8, 5.8, 5.8
parameter ends

state | action | reward
[0.02] | 0 | 1.0
0.017238246276974678 | 0 | 1.0
0.012961022555828094 | 0 | 1.0
0.0047758533619344234 | 0 | 1.0
-0.007318784482777119 | 0 | 1.0
-0.023325709626078606 | 0 | 1.0
-0.04324861243367195 | 0 | 1.0
-0.06709141284227371 | 0 | 1.0
-0.094857357442379 | 0 | 1.0
Total reward: 9.0
5.8, 5.8, 5.8, 5.8, 5.8, 5.8, 5.8, 5.8, 5.8, 5.8
parameter ends

state | action | reward
[0.02] | 0 | 1.0
0.01970708929002285 | 0 | 1.0
0.015104730613529682 | 0 | 1.0
0.006598500534892082 | 0 | 1.0
-0.005813127849251032 | 0 | 1.0
-0.022133085876703262 | 0 | 1.0
-0.04236532375216484 | 0 | 1.0
-0.06651421636343002 | 0 | 1.0
-0.09458372741937637 | 0 | 1.0
Total reward: 9.0
5.8, 5.8, 5.8, 5.8, 5.8, 5.8, 5.8, 5.8, 5.8, 5.8
parameter ends

state | action | reward
[0.02] | 0 | 1.0
0.019407877698540688 | 0 | 1.0
0.015815170481801033 | 0 | 1.0
0.008329368196427822 | 0 | 1.0
-0.0030510658398270607 | 0 | 1.0
-0.018329298123717308 | 0 | 1.0
-0.03750981390476227 | 0 | 1.0
-0.06059793382883072 | 0 | 1.0
-0.08759910613298416 | 0 | 1.0
-0.11851795762777328 | 0 | 1.0
Total reward: 10.0
5.8, 5.8, 5.8, 5.8, 5.8, 5.8, 5.8, 5.8, 5.8, 5.8
parameter ends

state | action | reward
[0.03] | 0 | 1.0
0.026886163279414177 | 0 | 1.0
0.02231927402317524 | 0 | 1.0
0.01384528074413538 | 0 | 1.0
0.0014629007782787085 | 0 | 1.0
-0.014830514788627625 | 0 | 1.0
-0.03503859415650368 | 0 | 1.0
-0.059165358543395996 | 0 | 1.0
-0.08721436560153961 | 0 | 1.0
Total reward: 9.0
5.8, 5.8, 5.8, 5.8, 5.8, 5.8, 5.8, 5.8, 5.8, 5.8
parameter ends

state | action | reward
[0.05] | 0 | 1.0
0.047638099640607834 | 0 | 1.0
0.04473399370908737 | 0 | 1.0
0.037929072976112366 | 0 | 1.0
0.027221892029047012 | 0 | 1.0
0.012609511613845825 | 0 | 1.0
-0.005912142340093851 | 0 | 1.0
-0.028347734361886978 | 0 | 1.0
-0.05470173433423042 | 0 | 1.0
-0.08497735857963562 | 0 | 1.0
Total reward: 10.0
5.8, 5.8, 5.8, 5.8, 5.8, 5.8, 5.8, 5.8, 5.8, 5.8
parameter ends

state | action | reward
[0.01] | 0 | 1.0
0.005565309431403875 | 0 | 1.0
0.0009641569922678173 | 0 | 1.0
-0.007533574476838112 | 0 | 1.0
-0.019929591566324234 | 0 | 1.0
-0.03622714430093765 | 0 | 1.0
-0.056430667638778687 | 0 | 1.0
-0.08054525405168533 | 0 | 1.0
-0.10857588797807693 | 0 | 1.0
-0.1405263990163803 | 0 | 1.0
Total reward: 10.0
5.8, 5.8, 5.8, 5.8, 5.8, 5.8, 5.8, 5.8, 5.8, 5.8
parameter ends

state | action | reward
[0.02] | 0 | 1.0
0.020483823493123055 | 0 | 1.0
0.01699039898812771 | 0 | 1.0
0.009581264108419418 | 0 | 1.0
-0.0017450114246457815 | 0 | 1.0
-0.01699090749025345 | 0 | 1.0
-0.0361594595015049 | 0 | 1.0
-0.0592535175383091 | 0 | 1.0
Total reward: 8.0
5.8, 5.8, 5.8, 5.8, 5.8, 5.8, 5.8, 5.8, 5.8, 5.8
parameter ends

state | action | reward
[0.01] | 0 | 1.0
0.01121708657592535 | 0 | 1.0
0.007347684353590012 | 0 | 1.0
-0.0004203412972856313 | 0 | 1.0
-0.012088602408766747 | 0 | 1.0
-0.027660222724080086 | 0 | 1.0
-0.0471394844353199 | 0 | 1.0
-0.07053127884864807 | 0 | 1.0
-0.0978403389453888 | 0 | 1.0
-0.12907016277313232 | 0 | 1.0
Total reward: 10.0
5.8, 5.8, 5.8, 5.8, 5.8, 5.8, 5.8, 5.8, 5.8, 5.8
parameter ends

state | action | reward
[-0.02] | 0 | 1.0
-0.025069212540984154 | 0 | 1.0
-0.029916148632764816 | 0 | 1.0
-0.03866984322667122 | 0 | 1.0
-0.05133196339011192 | 0 | 1.0
-0.06790546327829361 | 0 | 1.0
-0.0883941799402237 | 0 | 1.0
-0.1128021627664566 | 0 | 1.0
-0.14113278687000275 | 0 | 1.0
Total reward: 9.0
5.8, 5.8, 5.8, 5.8, 5.8, 5.8, 5.8, 5.8, 5.8, 5.8
parameter ends

state | action | reward
[0.03] | 0 | 1.0
0.02912232279777527 | 0 | 1.0
0.024864735081791878 | 0 | 1.0
0.01670299656689167 | 0 | 1.0
0.004635414108633995 | 0 | 1.0
-0.011341079138219357 | 0 | 1.0
-0.03123050183057785 | 0 | 1.0
-0.05503721162676811 | 0 | 1.0
-0.08276502788066864 | 0 | 1.0
Total reward: 9.0
5.8, 5.8, 5.8, 5.8, 5.8, 5.8, 5.8, 5.8, 5.8, 5.8
parameter ends

state | action | reward
[-0.01] | 0 | 1.0
-0.0066743572242558 | 0 | 1.0
-0.010240423493087292 | 0 | 1.0
-0.017698485404253006 | 0 | 1.0
-0.02905065380036831 | 0 | 1.0
-0.04430060461163521 | 0 | 1.0
-0.06345323473215103 | 0 | 1.0
-0.08651411533355713 | 0 | 1.0
-0.11348872631788254 | 0 | 1.0
-0.14438144862651825 | 0 | 1.0
Total reward: 10.0
