5.3, 5.3, 5.3, 5.3, 5.3, 5.3, 5.3, 5.3, 5.3, 5.3
parameter ends

state | action | reward
[0.01] | 0 | 1.0
0.011533860117197037 | 0 | 1.0
0.007718504872173071 | 0 | 1.0
-1.1627747880993411e-05 | 0 | 1.0
-0.011657839640974998 | 0 | 1.0
-0.02722255326807499 | 0 | 1.0
-0.0467088520526886 | 0 | 1.0
-0.07011977583169937 | 0 | 1.0
Total reward: 8.0
5.3, 5.3, 5.3, 5.3, 5.3, 5.3, 5.3, 5.3, 5.3, 5.3
parameter ends

state | action | reward
[-0.03] | 0 | 1.0
-0.029825950041413307 | 0 | 1.0
-0.03467974439263344 | 0 | 1.0
-0.04343303665518761 | 0 | 1.0
-0.056087493896484375 | 0 | 1.0
-0.07264627516269684 | 0 | 1.0
-0.09311366081237793 | 0 | 1.0
-0.11749445647001266 | 0 | 1.0
-0.14579325914382935 | 0 | 1.0
-0.17801332473754883 | 0 | 1.0
Total reward: 10.0
5.3, 5.3, 5.3, 5.3, 5.3, 5.3, 5.3, 5.3, 5.3, 5.3
parameter ends

state | action | reward
[-0.02] | 0 | 1.0
-0.02163337916135788 | 0 | 1.0
-0.02605278231203556 | 0 | 1.0
-0.03436190262436867 | 0 | 1.0
-0.04656292125582695 | 0 | 1.0
-0.0626596137881279 | 0 | 1.0
-0.08265701681375504 | 0 | 1.0
-0.10656090080738068 | 0 | 1.0
-0.13437701761722565 | 0 | 1.0
-0.16611012816429138 | 0 | 1.0
Total reward: 10.0
5.3, 5.3, 5.3, 5.3, 5.3, 5.3, 5.3, 5.3, 5.3, 5.3
parameter ends

state | action | reward
[-0.04] | 0 | 1.0
-0.04385131224989891 | 0 | 1.0
-0.04746583476662636 | 0 | 1.0
-0.05499317869544029 | 0 | 1.0
-0.0664345994591713 | 0 | 1.0
-0.08179255574941635 | 0 | 1.0
-0.10107026994228363 | 0 | 1.0
-0.12427107989788055 | 0 | 1.0
-0.1513974815607071 | 0 | 1.0
Total reward: 9.0
5.3, 5.3, 5.3, 5.3, 5.3, 5.3, 5.3, 5.3, 5.3, 5.3
parameter ends

state | action | reward
[0.05] | 0 | 1.0
0.04703075811266899 | 0 | 1.0
0.04308793321251869 | 0 | 1.0
0.03522918373346329 | 0 | 1.0
0.023453224450349808 | 0 | 1.0
0.007757693994790316 | 0 | 1.0
-0.011860385537147522 | 0 | 1.0
-0.035403888672590256 | 0 | 1.0
Total reward: 8.0
5.3, 5.3, 5.3, 5.3, 5.3, 5.3, 5.3, 5.3, 5.3, 5.3
parameter ends

state | action | reward
[0.05] | 0 | 1.0
0.048788897693157196 | 0 | 1.0
0.04540495201945305 | 0 | 1.0
0.03812510147690773 | 0 | 1.0
0.02694742940366268 | 0 | 1.0
0.011868487112224102 | 0 | 1.0
-0.007116322871297598 | 0 | 1.0
-0.03001219592988491 | 0 | 1.0
-0.05682414025068283 | 0 | 1.0
-0.08755592256784439 | 0 | 1.0
Total reward: 10.0
5.3, 5.3, 5.3, 5.3, 5.3, 5.3, 5.3, 5.3, 5.3, 5.3
parameter ends

state | action | reward
[0.02] | 0 | 1.0
0.02079157903790474 | 0 | 1.0
0.016996003687381744 | 0 | 1.0
0.009291126392781734 | 0 | 1.0
-0.0023244868498295546 | 0 | 1.0
-0.017853545024991035 | 0 | 1.0
-0.03729960322380066 | 0 | 1.0
-0.06066642701625824 | 0 | 1.0
-0.08795706927776337 | 0 | 1.0
Total reward: 9.0
5.3, 5.3, 5.3, 5.3, 5.3, 5.3, 5.3, 5.3, 5.3, 5.3
parameter ends

state | action | reward
[-0.03] | 0 | 1.0
-0.026067038998007774 | 0 | 1.0
-0.030926844105124474 | 0 | 1.0
-0.03969939798116684 | 0 | 1.0
-0.052385907620191574 | 0 | 1.0
-0.06898877769708633 | 0 | 1.0
-0.08951122313737869 | 0 | 1.0
-0.11395658552646637 | 0 | 1.0
-0.1423274427652359 | 0 | 1.0
Total reward: 9.0
5.3, 5.3, 5.3, 5.3, 5.3, 5.3, 5.3, 5.3, 5.3, 5.3
parameter ends

state | action | reward
[-0.03] | 0 | 1.0
-0.03374750539660454 | 0 | 1.0
-0.036904476583004 | 0 | 1.0
-0.04395773261785507 | 0 | 1.0
-0.05490909889340401 | 0 | 1.0
-0.06976193934679031 | 0 | 1.0
-0.08852077275514603 | 0 | 1.0
-0.11119075119495392 | 0 | 1.0
-0.13777685165405273 | 0 | 1.0
-0.16828285157680511 | 0 | 1.0
Total reward: 10.0
5.3, 5.3, 5.3, 5.3, 5.3, 5.3, 5.3, 5.3, 5.3, 5.3
parameter ends

state | action | reward
[-0.02] | 0 | 1.0
-0.015162170864641666 | 0 | 1.0
-0.018544591963291168 | 0 | 1.0
-0.025817736983299255 | 0 | 1.0
-0.03698333352804184 | 0 | 1.0
-0.052044741809368134 | 0 | 1.0
-0.0710066705942154 | 0 | 1.0
-0.09387467056512833 | 0 | 1.0
-0.12065443396568298 | 0 | 1.0
-0.15135088562965393 | 0 | 1.0
Total reward: 10.0
5.3, 5.3, 5.3, 5.3, 5.3, 5.3, 5.3, 5.3, 5.3, 5.3
parameter ends

state | action | reward
[0.05] | 0 | 1.0
0.04907328262925148 | 0 | 1.0
0.04442531615495682 | 0 | 1.0
0.035887543112039566 | 0 | 1.0
0.02345823124051094 | 0 | 1.0
0.007133982144296169 | 0 | 1.0
-0.013089945539832115 | 0 | 1.0
-0.03721917048096657 | 0 | 1.0
-0.06525949388742447 | 0 | 1.0
-0.09721598029136658 | 0 | 1.0
Total reward: 10.0
5.3, 5.3, 5.3, 5.3, 5.3, 5.3, 5.3, 5.3, 5.3, 5.3
parameter ends

state | action | reward
[0.02] | 0 | 1.0
0.016253916546702385 | 0 | 1.0
0.01333300955593586 | 0 | 1.0
0.0065084341913461685 | 0 | 1.0
-0.004221450537443161 | 0 | 1.0
-0.018859675154089928 | 0 | 1.0
-0.03741025924682617 | 0 | 1.0
-0.05987761169672012 | 0 | 1.0
-0.0862656682729721 | 0 | 1.0
Total reward: 9.0
5.3, 5.3, 5.3, 5.3, 5.3, 5.3, 5.3, 5.3, 5.3, 5.3
parameter ends

state | action | reward
[0.04] | 0 | 1.0
0.04448917880654335 | 0 | 1.0
0.04059088975191116 | 0 | 1.0
0.032787587493658066 | 0 | 1.0
0.021077685058116913 | 0 | 1.0
0.005458225030452013 | 0 | 1.0
-0.014074709266424179 | 0 | 1.0
-0.037525374442338943 | 0 | 1.0
-0.06489750742912292 | 0 | 1.0
Total reward: 9.0
5.3, 5.3, 5.3, 5.3, 5.3, 5.3, 5.3, 5.3, 5.3, 5.3
parameter ends

state | action | reward
[-0.02] | 0 | 1.0
-0.015894990414381027 | 0 | 1.0
-0.01909719407558441 | 0 | 1.0
-0.026200445368885994 | 0 | 1.0
-0.03720647841691971 | 0 | 1.0
-0.052118461579084396 | 0 | 1.0
-0.07094062119722366 | 0 | 1.0
-0.09367763996124268 | 0 | 1.0
-0.12033383548259735 | 0 | 1.0
Total reward: 9.0
5.3, 5.3, 5.3, 5.3, 5.3, 5.3, 5.3, 5.3, 5.3, 5.3
parameter ends

state | action | reward
[-0.02] | 0 | 1.0
-0.01988132670521736 | 0 | 1.0
-0.024280978366732597 | 0 | 1.0
-0.03259219229221344 | 0 | 1.0
-0.044816430658102036 | 0 | 1.0
-0.06095634773373604 | 0 | 1.0
-0.08101534098386765 | 0 | 1.0
-0.10499688237905502 | 0 | 1.0
-0.1329035460948944 | 0 | 1.0
Total reward: 9.0
5.3, 5.3, 5.3, 5.3, 5.3, 5.3, 5.3, 5.3, 5.3, 5.3
parameter ends

state | action | reward
[0.03] | 0 | 1.0
0.025912152603268623 | 0 | 1.0
0.02146059460937977 | 0 | 1.0
0.013114850036799908 | 0 | 1.0
0.0008732458809390664 | 0 | 1.0
-0.015267479233443737 | 0 | 1.0
-0.035311851650476456 | 0 | 1.0
-0.059265147894620895 | 0 | 1.0
-0.08713266253471375 | 0 | 1.0
-0.11891873180866241 | 0 | 1.0
Total reward: 10.0
5.3, 5.3, 5.3, 5.3, 5.3, 5.3, 5.3, 5.3, 5.3, 5.3
parameter ends

state | action | reward
[0.] | 0 | 1.0
0.004109499976038933 | 0 | 1.0
-0.00030915805837139487 | 0 | 1.0
-0.008636622689664364 | 0 | 1.0
-0.02087455429136753 | 0 | 1.0
-0.037025853991508484 | 0 | 1.0
-0.057094212621450424 | 0 | 1.0
-0.08108342438936234 | 0 | 1.0
-0.10899645835161209 | 0 | 1.0
Total reward: 9.0
5.3, 5.3, 5.3, 5.3, 5.3, 5.3, 5.3, 5.3, 5.3, 5.3
parameter ends

state | action | reward
[-0.03] | 0 | 1.0
-0.028005260974168777 | 0 | 1.0
-0.030956190079450607 | 0 | 1.0
-0.03782109543681145 | 0 | 1.0
-0.048601340502500534 | 0 | 1.0
-0.06329941749572754 | 0 | 1.0
-0.08191850036382675 | 0 | 1.0
-0.10446172952651978 | 0 | 1.0
Total reward: 8.0
5.3, 5.3, 5.3, 5.3, 5.3, 5.3, 5.3, 5.3, 5.3, 5.3
parameter ends

state | action | reward
[-0.04] | 0 | 1.0
-0.03652793541550636 | 0 | 1.0
-0.04093318432569504 | 0 | 1.0
-0.04924977570772171 | 0 | 1.0
-0.06147893890738487 | 0 | 1.0
-0.0776231437921524 | 0 | 1.0
-0.09768570959568024 | 0 | 1.0
-0.12167016416788101 | 0 | 1.0
-0.14957934617996216 | 0 | 1.0
Total reward: 9.0
5.3, 5.3, 5.3, 5.3, 5.3, 5.3, 5.3, 5.3, 5.3, 5.3
parameter ends

state | action | reward
[-0.02] | 0 | 1.0
-0.021617963910102844 | 0 | 1.0
-0.026332050561904907 | 0 | 1.0
-0.034946754574775696 | 0 | 1.0
-0.047463834285736084 | 0 | 1.0
-0.06388649344444275 | 0 | 1.0
-0.08421899378299713 | 0 | 1.0
-0.10846605896949768 | 0 | 1.0
-0.1366320699453354 | 0 | 1.0
Total reward: 9.0
