5.3, 5.3, 5.3, 5.3, 5.3, 5.3, 5.3, 5.3, 5.3, 5.3
parameter ends

state | action | reward
[0.04] | 0 | 1.0
0.040781211107969284 | 0 | 1.0
0.03697584196925163 | 0 | 1.0
0.029269952327013016 | 0 | 1.0
0.017662130296230316 | 0 | 1.0
0.0021494615357369184 | 0 | 1.0
-0.01727212220430374 | 0 | 1.0
-0.040607303380966187 | 0 | 1.0
-0.06786061078310013 | 0 | 1.0
-0.0990353524684906 | 0 | 1.0
Total reward: 10.0
5.3, 5.3, 5.3, 5.3, 5.3, 5.3, 5.3, 5.3, 5.3, 5.3
parameter ends

state | action | reward
[-0.02] | 0 | 1.0
-0.01589156500995159 | 0 | 1.0
-0.019924307242035866 | 0 | 1.0
-0.027859367430210114 | 0 | 1.0
-0.039698462933301926 | 0 | 1.0
-0.05544472113251686 | 0 | 1.0
-0.07510228455066681 | 0 | 1.0
-0.09867570549249649 | 0 | 1.0
-0.1261691004037857 | 0 | 1.0
Total reward: 9.0
5.3, 5.3, 5.3, 5.3, 5.3, 5.3, 5.3, 5.3, 5.3, 5.3
parameter ends

state | action | reward
[0.04] | 0 | 1.0
0.03916746377944946 | 0 | 1.0
0.035630736500024796 | 0 | 1.0
0.02818959392607212 | 0 | 1.0
0.01684240810573101 | 0 | 1.0
0.0015861857682466507 | 0 | 1.0
-0.01758304238319397 | 0 | 1.0
-0.04066959768533707 | 0 | 1.0
-0.06767730414867401 | 0 | 1.0
Total reward: 9.0
5.3, 5.3, 5.3, 5.3, 5.3, 5.3, 5.3, 5.3, 5.3, 5.3
parameter ends

state | action | reward
[0.02] | 0 | 1.0
0.01859709434211254 | 0 | 1.0
0.015189486555755138 | 0 | 1.0
0.007877260446548462 | 0 | 1.0
-0.0033410442993044853 | 0 | 1.0
-0.018468281254172325 | 0 | 1.0
-0.03750832378864288 | 0 | 1.0
-0.060465458780527115 | 0 | 1.0
-0.08734357357025146 | 0 | 1.0
Total reward: 9.0
5.3, 5.3, 5.3, 5.3, 5.3, 5.3, 5.3, 5.3, 5.3, 5.3
parameter ends

state | action | reward
[0.02] | 0 | 1.0
0.017483742907643318 | 0 | 1.0
0.01370973140001297 | 0 | 1.0
0.006042097229510546 | 0 | 1.0
-0.005520989187061787 | 0 | 1.0
-0.020982937887310982 | 0 | 1.0
-0.04034839943051338 | 0 | 1.0
-0.06362274289131165 | 0 | 1.0
-0.09081129729747772 | 0 | 1.0
-0.12191836535930634 | 0 | 1.0
Total reward: 10.0
5.3, 5.3, 5.3, 5.3, 5.3, 5.3, 5.3, 5.3, 5.3, 5.3
parameter ends

state | action | reward
[-0.04] | 0 | 1.0
-0.041875313967466354 | 0 | 1.0
-0.04487720504403114 | 0 | 1.0
-0.051767196506261826 | 0 | 1.0
-0.06254717707633972 | 0 | 1.0
-0.07722069323062897 | 0 | 1.0
-0.09579266607761383 | 0 | 1.0
-0.11826888471841812 | 0 | 1.0
-0.14465531706809998 | 0 | 1.0
-0.17495723068714142 | 0 | 1.0
-0.2091778814792633 | 0 | 1.0
Total reward: 11.0
5.3, 5.3, 5.3, 5.3, 5.3, 5.3, 5.3, 5.3, 5.3, 5.3
parameter ends

state | action | reward
[-0.02] | 0 | 1.0
-0.019544795155525208 | 0 | 1.0
-0.024024048820137978 | 0 | 1.0
-0.03239274397492409 | 0 | 1.0
-0.04465293139219284 | 0 | 1.0
-0.06080828234553337 | 0 | 1.0
-0.08086376637220383 | 0 | 1.0
-0.10482513904571533 | 0 | 1.0
-0.132698193192482 | 0 | 1.0
-0.16448785364627838 | 0 | 1.0
Total reward: 10.0
5.3, 5.3, 5.3, 5.3, 5.3, 5.3, 5.3, 5.3, 5.3, 5.3
parameter ends

state | action | reward
[0.03] | 0 | 1.0
0.029714902862906456 | 0 | 1.0
0.025664158165454865 | 0 | 1.0
0.017719103023409843 | 0 | 1.0
0.005877947434782982 | 0 | 1.0
-0.009862667880952358 | 0 | 1.0
-0.029507335275411606 | 0 | 1.0
-0.0530613511800766 | 0 | 1.0
-0.08052998036146164 | 0 | 1.0
-0.1119174212217331 | 0 | 1.0
Total reward: 10.0
5.3, 5.3, 5.3, 5.3, 5.3, 5.3, 5.3, 5.3, 5.3, 5.3
parameter ends

state | action | reward
[0.03] | 0 | 1.0
0.0322566032409668 | 0 | 1.0
0.028715411201119423 | 0 | 1.0
0.02127920463681221 | 0 | 1.0
0.009946195408701897 | 0 | 1.0
-0.00528696458786726 | 0 | 1.0
-0.0244248379021883 | 0 | 1.0
-0.04747266322374344 | 0 | 1.0
-0.07443561404943466 | 0 | 1.0
-0.10531774908304214 | 0 | 1.0
Total reward: 10.0
5.3, 5.3, 5.3, 5.3, 5.3, 5.3, 5.3, 5.3, 5.3, 5.3
parameter ends

state | action | reward
[0.02] | 0 | 1.0
0.016960006207227707 | 0 | 1.0
0.012448102235794067 | 0 | 1.0
0.004024901427328587 | 0 | 1.0
-0.00831116084009409 | 0 | 1.0
-0.024562828242778778 | 0 | 1.0
-0.04473355785012245 | 0 | 1.0
-0.0688268318772316 | 0 | 1.0
Total reward: 8.0
5.3, 5.3, 5.3, 5.3, 5.3, 5.3, 5.3, 5.3, 5.3, 5.3
parameter ends

state | action | reward
[0.01] | 0 | 1.0
0.010337868705391884 | 0 | 1.0
0.0055099488236010075 | 0 | 1.0
-0.003209801157936454 | 0 | 1.0
-0.015823230147361755 | 0 | 1.0
-0.032333798706531525 | 0 | 1.0
-0.0527462475001812 | 0 | 1.0
-0.0770660862326622 | 0 | 1.0
-0.10529886931180954 | 0 | 1.0
-0.1374492198228836 | 0 | 1.0
Total reward: 10.0
5.3, 5.3, 5.3, 5.3, 5.3, 5.3, 5.3, 5.3, 5.3, 5.3
parameter ends

state | action | reward
[0.03] | 0 | 1.0
0.027800478041172028 | 0 | 1.0
0.023674024268984795 | 0 | 1.0
0.015640204772353172 | 0 | 1.0
0.003697561100125313 | 0 | 1.0
-0.01215668860822916 | 0 | 1.0
-0.031926240772008896 | 0 | 1.0
-0.05561508983373642 | 0 | 1.0
-0.08322664350271225 | 0 | 1.0
Total reward: 9.0
5.3, 5.3, 5.3, 5.3, 5.3, 5.3, 5.3, 5.3, 5.3, 5.3
parameter ends

state | action | reward
[0.04] | 0 | 1.0
0.042386431246995926 | 0 | 1.0
0.03905550763010979 | 0 | 1.0
0.031831998378038406 | 0 | 1.0
0.020713767036795616 | 0 | 1.0
0.005697118584066629 | 0 | 1.0
-0.0132228322327137 | 0 | 1.0
-0.036051612347364426 | 0 | 1.0
-0.06279462575912476 | 0 | 1.0
-0.09345609694719315 | 0 | 1.0
Total reward: 10.0
5.3, 5.3, 5.3, 5.3, 5.3, 5.3, 5.3, 5.3, 5.3, 5.3
parameter ends

state | action | reward
[0.02] | 0 | 1.0
0.017260830849409103 | 0 | 1.0
0.013294498436152935 | 0 | 1.0
0.005432747304439545 | 0 | 1.0
-0.006326344795525074 | 0 | 1.0
-0.021986231207847595 | 0 | 1.0
-0.041551534086465836 | 0 | 1.0
-0.06502749025821686 | 0 | 1.0
-0.09241918474435806 | 0 | 1.0
-0.12373046576976776 | 0 | 1.0
Total reward: 10.0
5.3, 5.3, 5.3, 5.3, 5.3, 5.3, 5.3, 5.3, 5.3, 5.3
parameter ends

state | action | reward
[-0.05] | 0 | 1.0
-0.045983001589775085 | 0 | 1.0
-0.050364233553409576 | 0 | 1.0
-0.05866032466292381 | 0 | 1.0
-0.07087264955043793 | 0 | 1.0
-0.0870036780834198 | 0 | 1.0
-0.10705651342868805 | 0 | 1.0
-0.13103416562080383 | 0 | 1.0
Total reward: 8.0
5.3, 5.3, 5.3, 5.3, 5.3, 5.3, 5.3, 5.3, 5.3, 5.3
parameter ends

state | action | reward
[-0.03] | 0 | 1.0
-0.032356783747673035 | 0 | 1.0
-0.03625479340553284 | 0 | 1.0
-0.04404238238930702 | 0 | 1.0
-0.055721573531627655 | 0 | 1.0
-0.07129601389169693 | 0 | 1.0
-0.0907706469297409 | 0 | 1.0
-0.11415119469165802 | 0 | 1.0
-0.14144347608089447 | 0 | 1.0
-0.17265237867832184 | 0 | 1.0
Total reward: 10.0
5.3, 5.3, 5.3, 5.3, 5.3, 5.3, 5.3, 5.3, 5.3, 5.3
parameter ends

state | action | reward
[0.03] | 0 | 1.0
0.028666488826274872 | 0 | 1.0
0.023811375722289085 | 0 | 1.0
0.01505022682249546 | 0 | 1.0
0.0023814786691218615 | 0 | 1.0
-0.014197771437466145 | 0 | 1.0
-0.03469135984778404 | 0 | 1.0
-0.059103429317474365 | 0 | 1.0
-0.08743755519390106 | 0 | 1.0
Total reward: 9.0
5.3, 5.3, 5.3, 5.3, 5.3, 5.3, 5.3, 5.3, 5.3, 5.3
parameter ends

state | action | reward
[-0.02] | 0 | 1.0
-0.016441579908132553 | 0 | 1.0
-0.019442344084382057 | 0 | 1.0
-0.0263438131660223 | 0 | 1.0
-0.03714754804968834 | 0 | 1.0
-0.05185658112168312 | 0 | 1.0
-0.07047506421804428 | 0 | 1.0
-0.09300769120454788 | 0 | 1.0
-0.11945889890193939 | 0 | 1.0
-0.14983180165290833 | 0 | 1.0
Total reward: 10.0
5.3, 5.3, 5.3, 5.3, 5.3, 5.3, 5.3, 5.3, 5.3, 5.3
parameter ends

state | action | reward
[0.02] | 0 | 1.0
0.019731784239411354 | 0 | 1.0
0.01645636558532715 | 0 | 1.0
0.009280582889914513 | 0 | 1.0
-0.0017970160115510225 | 0 | 1.0
-0.016779379919171333 | 0 | 1.0
-0.03567060828208923 | 0 | 1.0
-0.05847540497779846 | 0 | 1.0
-0.0851983055472374 | 0 | 1.0
-0.11584261804819107 | 0 | 1.0
Total reward: 10.0
5.3, 5.3, 5.3, 5.3, 5.3, 5.3, 5.3, 5.3, 5.3, 5.3
parameter ends

state | action | reward
[-0.02] | 0 | 1.0
-0.023687809705734253 | 0 | 1.0
-0.027218595147132874 | 0 | 1.0
-0.03466501086950302 | 0 | 1.0
-0.04602828249335289 | 0 | 1.0
-0.06131075322628021 | 0 | 1.0
-0.08051540702581406 | 0 | 1.0
-0.10364517569541931 | 0 | 1.0
Total reward: 8.0
