5.5, 5.5, 5.5, 5.5, 5.5, 5.5, 5.5, 5.5, 5.5, 5.5
parameter ends

state | action | reward
[-0.] | 0 | 1.0
-0.0013512622099369764 | 0 | 1.0
-0.00549822673201561 | 0 | 1.0
-0.01354671735316515 | 0 | 1.0
-0.025498561561107635 | 0 | 1.0
-0.041356995701789856 | 0 | 1.0
-0.06112626567482948 | 0 | 1.0
-0.0848110169172287 | 0 | 1.0
-0.11241544038057327 | 0 | 1.0
Total reward: 9.0
5.5, 5.5, 5.5, 5.5, 5.5, 5.5, 5.5, 5.5, 5.5, 5.5
parameter ends

state | action | reward
[0.01] | 0 | 1.0
0.015651265159249306 | 0 | 1.0
0.012595892883837223 | 0 | 1.0
0.0056410362012684345 | 0 | 1.0
-0.005215208046138287 | 0 | 1.0
-0.019976187497377396 | 0 | 1.0
-0.03864630311727524 | 0 | 1.0
-0.06123041734099388 | 0 | 1.0
-0.08773301541805267 | 0 | 1.0
-0.11815708130598068 | 0 | 1.0
Total reward: 10.0
5.5, 5.5, 5.5, 5.5, 5.5, 5.5, 5.5, 5.5, 5.5, 5.5
parameter ends

state | action | reward
[0.05] | 0 | 1.0
0.04886063560843468 | 0 | 1.0
0.04433716461062431 | 0 | 1.0
0.03590769320726395 | 0 | 1.0
0.023570572957396507 | 0 | 1.0
0.007322818040847778 | 0 | 1.0
-0.012839450500905514 | 0 | 1.0
-0.03692037984728813 | 0 | 1.0
-0.064923495054245 | 0 | 1.0
Total reward: 9.0
5.5, 5.5, 5.5, 5.5, 5.5, 5.5, 5.5, 5.5, 5.5, 5.5
parameter ends

state | action | reward
[-0.02] | 0 | 1.0
-0.020379113033413887 | 0 | 1.0
-0.0251909326761961 | 0 | 1.0
-0.03390643000602722 | 0 | 1.0
-0.04652724787592888 | 0 | 1.0
-0.06305642426013947 | 0 | 1.0
-0.08349797129631042 | 0 | 1.0
-0.10785630345344543 | 0 | 1.0
-0.13613535463809967 | 0 | 1.0
Total reward: 9.0
5.5, 5.5, 5.5, 5.5, 5.5, 5.5, 5.5, 5.5, 5.5, 5.5
parameter ends

state | action | reward
[-0.01] | 0 | 1.0
-0.01244648639112711 | 0 | 1.0
-0.01583714224398136 | 0 | 1.0
-0.023136230185627937 | 0 | 1.0
-0.03434520214796066 | 0 | 1.0
-0.0494668073952198 | 0 | 1.0
-0.06850467622280121 | 0 | 1.0
-0.09146267175674438 | 0 | 1.0
-0.11834400147199631 | 0 | 1.0
Total reward: 9.0
5.5, 5.5, 5.5, 5.5, 5.5, 5.5, 5.5, 5.5, 5.5, 5.5
parameter ends

state | action | reward
[0.02] | 0 | 1.0
0.01900075376033783 | 0 | 1.0
0.015206660144031048 | 0 | 1.0
0.007512618787586689 | 0 | 1.0
-0.004083311650902033 | 0 | 1.0
-0.019584499299526215 | 0 | 1.0
-0.03899534046649933 | 0 | 1.0
-0.06232065334916115 | 0 | 1.0
-0.08956482261419296 | 0 | 1.0
Total reward: 9.0
5.5, 5.5, 5.5, 5.5, 5.5, 5.5, 5.5, 5.5, 5.5, 5.5
parameter ends

state | action | reward
[-0.03] | 0 | 1.0
-0.026021424680948257 | 0 | 1.0
-0.029424382373690605 | 0 | 1.0
-0.036734648048877716 | 0 | 1.0
-0.04795374348759651 | 0 | 1.0
-0.06308450549840927 | 0 | 1.0
-0.08213066309690475 | 0 | 1.0
-0.10509622097015381 | 0 | 1.0
-0.13198453187942505 | 0 | 1.0
Total reward: 9.0
5.5, 5.5, 5.5, 5.5, 5.5, 5.5, 5.5, 5.5, 5.5, 5.5
parameter ends

state | action | reward
[-0.05] | 0 | 1.0
-0.04817267879843712 | 0 | 1.0
-0.051121510565280914 | 0 | 1.0
-0.05797864869236946 | 0 | 1.0
-0.06874533742666245 | 0 | 1.0
-0.0834241583943367 | 0 | 1.0
-0.10201865434646606 | 0 | 1.0
-0.12453270703554153 | 0 | 1.0
-0.15096968412399292 | 0 | 1.0
Total reward: 9.0
5.5, 5.5, 5.5, 5.5, 5.5, 5.5, 5.5, 5.5, 5.5, 5.5
parameter ends

state | action | reward
[0.02] | 0 | 1.0
0.017759209498763084 | 0 | 1.0
0.013482378795742989 | 0 | 1.0
0.0052953241392970085 | 0 | 1.0
-0.006803204771131277 | 0 | 1.0
-0.02281574159860611 | 0 | 1.0
-0.04274569824337959 | 0 | 1.0
-0.06659673154354095 | 0 | 1.0
-0.09437187016010284 | 0 | 1.0
Total reward: 9.0
5.5, 5.5, 5.5, 5.5, 5.5, 5.5, 5.5, 5.5, 5.5, 5.5
parameter ends

state | action | reward
[-0.03] | 0 | 1.0
-0.02717076987028122 | 0 | 1.0
-0.032011814415454865 | 0 | 1.0
-0.0407632552087307 | 0 | 1.0
-0.05342674255371094 | 0 | 1.0
-0.07000510394573212 | 0 | 1.0
-0.09050190448760986 | 0 | 1.0
-0.1149207279086113 | 0 | 1.0
-0.14326421916484833 | 0 | 1.0
Total reward: 9.0
5.5, 5.5, 5.5, 5.5, 5.5, 5.5, 5.5, 5.5, 5.5, 5.5
parameter ends

state | action | reward
[-0.] | 0 | 1.0
-0.0017836886690929532 | 0 | 1.0
-0.005426251329481602 | 0 | 1.0
-0.012956306338310242 | 0 | 1.0
-0.024375682696700096 | 0 | 1.0
-0.03968789428472519 | 0 | 1.0
-0.05889783427119255 | 0 | 1.0
-0.08201131224632263 | 0 | 1.0
-0.10903437435626984 | 0 | 1.0
-0.13997241854667664 | 0 | 1.0
-0.1748289167881012 | 0 | 1.0
Total reward: 11.0
5.5, 5.5, 5.5, 5.5, 5.5, 5.5, 5.5, 5.5, 5.5, 5.5
parameter ends

state | action | reward
[-0.02] | 0 | 1.0
-0.023544030264019966 | 0 | 1.0
-0.028297966346144676 | 0 | 1.0
-0.036951202899217606 | 0 | 1.0
-0.04950544610619545 | 0 | 1.0
-0.06596388667821884 | 0 | 1.0
-0.0863308236002922 | 0 | 1.0
-0.11061111092567444 | 0 | 1.0
-0.13880933821201324 | 0 | 1.0
-0.17092877626419067 | 0 | 1.0
Total reward: 10.0
5.5, 5.5, 5.5, 5.5, 5.5, 5.5, 5.5, 5.5, 5.5, 5.5
parameter ends

state | action | reward
[0.03] | 0 | 1.0
0.027743984013795853 | 0 | 1.0
0.02317519672214985 | 0 | 1.0
0.014694513753056526 | 0 | 1.0
0.0023006927222013474 | 0 | 1.0
-0.014008739031851292 | 0 | 1.0
-0.03423707187175751 | 0 | 1.0
-0.05838775262236595 | 0 | 1.0
-0.08646349608898163 | 0 | 1.0
Total reward: 9.0
5.5, 5.5, 5.5, 5.5, 5.5, 5.5, 5.5, 5.5, 5.5, 5.5
parameter ends

state | action | reward
[0.03] | 0 | 1.0
0.03152960166335106 | 0 | 1.0
0.028437986969947815 | 0 | 1.0
0.021445760503411293 | 0 | 1.0
0.01055134180933237 | 0 | 1.0
-0.004248322919011116 | 0 | 1.0
-0.022957395762205124 | 0 | 1.0
-0.045580584555864334 | 0 | 1.0
-0.07212233543395996 | 0 | 1.0
-0.10258576273918152 | 0 | 1.0
Total reward: 10.0
5.5, 5.5, 5.5, 5.5, 5.5, 5.5, 5.5, 5.5, 5.5, 5.5
parameter ends

state | action | reward
[0.01] | 0 | 1.0
0.004672629293054342 | 0 | 1.0
0.0001632588100619614 | 0 | 1.0
-0.008260583505034447 | 0 | 1.0
-0.020600097253918648 | 0 | 1.0
-0.03685763478279114 | 0 | 1.0
-0.057036273181438446 | 0 | 1.0
-0.08113912492990494 | 0 | 1.0
Total reward: 8.0
5.5, 5.5, 5.5, 5.5, 5.5, 5.5, 5.5, 5.5, 5.5, 5.5
parameter ends

state | action | reward
[-0.01] | 0 | 1.0
-0.009110190905630589 | 0 | 1.0
-0.013654923997819424 | 0 | 1.0
-0.022103361785411835 | 0 | 1.0
-0.034456849098205566 | 0 | 1.0
-0.05071816220879555 | 0 | 1.0
-0.07089117169380188 | 0 | 1.0
-0.09498023986816406 | 0 | 1.0
-0.1229894608259201 | 0 | 1.0
Total reward: 9.0
5.5, 5.5, 5.5, 5.5, 5.5, 5.5, 5.5, 5.5, 5.5, 5.5
parameter ends

state | action | reward
[0.01] | 0 | 1.0
0.010354817844927311 | 0 | 1.0
0.007086324971169233 | 0 | 1.0
-7.435964653268456e-05 | 0 | 1.0
-0.011129320599138737 | 0 | 1.0
-0.026082215830683708 | 0 | 1.0
-0.04493791610002518 | 0 | 1.0
-0.06770196557044983 | 0 | 1.0
-0.09437983483076096 | 0 | 1.0
-0.12497588247060776 | 0 | 1.0
Total reward: 10.0
5.5, 5.5, 5.5, 5.5, 5.5, 5.5, 5.5, 5.5, 5.5, 5.5
parameter ends

state | action | reward
[-0.01] | 0 | 1.0
-0.015526861883699894 | 0 | 1.0
-0.01996430568397045 | 0 | 1.0
-0.0283097755163908 | 0 | 1.0
-0.04056492820382118 | 0 | 1.0
-0.056732676923274994 | 0 | 1.0
-0.07681676745414734 | 0 | 1.0
-0.1008211001753807 | 0 | 1.0
-0.1287488043308258 | 0 | 1.0
Total reward: 9.0
5.5, 5.5, 5.5, 5.5, 5.5, 5.5, 5.5, 5.5, 5.5, 5.5
parameter ends

state | action | reward
[0.05] | 0 | 1.0
0.049036044627428055 | 0 | 1.0
0.044474828988313675 | 0 | 1.0
0.03601539880037308 | 0 | 1.0
0.023656213656067848 | 0 | 1.0
0.0073941973969340324 | 0 | 1.0
-0.01277491357177496 | 0 | 1.0
-0.0368560291826725 | 0 | 1.0
-0.0648539587855339 | 0 | 1.0
-0.09677235782146454 | 0 | 1.0
Total reward: 10.0
5.5, 5.5, 5.5, 5.5, 5.5, 5.5, 5.5, 5.5, 5.5, 5.5
parameter ends

state | action | reward
[-0.05] | 0 | 1.0
-0.04843991622328758 | 0 | 1.0
-0.051997389644384384 | 0 | 1.0
-0.059448424726724625 | 0 | 1.0
-0.07079499214887619 | 0 | 1.0
-0.08604061603546143 | 0 | 1.0
-0.10519003868103027 | 0 | 1.0
-0.1282486617565155 | 0 | 1.0
-0.15522180497646332 | 0 | 1.0
-0.18611367046833038 | 0 | 1.0
Total reward: 10.0
