5.6, 5.6, 5.6, 5.6, 5.6, 5.6, 5.6, 5.6, 5.6, 5.6
parameter ends

state | action | reward
[-0.03] | 0 | 1.0
-0.03236851096153259 | 0 | 1.0
-0.03628585860133171 | 0 | 1.0
-0.04409812018275261 | 0 | 1.0
-0.05580691620707512 | 0 | 1.0
-0.07141546905040741 | 0 | 1.0
-0.09092825651168823 | 0 | 1.0
-0.11435046792030334 | 0 | 1.0
-0.1416873335838318 | 0 | 1.0
-0.1729430854320526 | 0 | 1.0
Total reward: 10.0
5.6, 5.6, 5.6, 5.6, 5.6, 5.6, 5.6, 5.6, 5.6, 5.6
parameter ends

state | action | reward
[0.04] | 0 | 1.0
0.03924292325973511 | 0 | 1.0
0.03605364263057709 | 0 | 1.0
0.02895411103963852 | 0 | 1.0
0.01794297993183136 | 0 | 1.0
0.0030176362488418818 | 0 | 1.0
-0.01582537405192852 | 0 | 1.0
-0.03858970105648041 | 0 | 1.0
-0.06527828425168991 | 0 | 1.0
Total reward: 9.0
5.6, 5.6, 5.6, 5.6, 5.6, 5.6, 5.6, 5.6, 5.6, 5.6
parameter ends

state | action | reward
[0.04] | 0 | 1.0
0.034221600741147995 | 0 | 1.0
0.029358206316828728 | 0 | 1.0
0.02058253437280655 | 0 | 1.0
0.007893302477896214 | 0 | 1.0
-0.00871198158711195 | 0 | 1.0
-0.02923659235239029 | 0 | 1.0
-0.05368392542004585 | 0 | 1.0
-0.08205658197402954 | 0 | 1.0
Total reward: 9.0
5.6, 5.6, 5.6, 5.6, 5.6, 5.6, 5.6, 5.6, 5.6, 5.6
parameter ends

state | action | reward
[0.05] | 0 | 1.0
0.047586314380168915 | 0 | 1.0
0.04368330165743828 | 0 | 1.0
0.03587611764669418 | 0 | 1.0
0.02416304498910904 | 0 | 1.0
0.008541013114154339 | 0 | 1.0
-0.010994006879627705 | 0 | 1.0
-0.03444636985659599 | 0 | 1.0
-0.061819881200790405 | 0 | 1.0
Total reward: 9.0
5.6, 5.6, 5.6, 5.6, 5.6, 5.6, 5.6, 5.6, 5.6, 5.6
parameter ends

state | action | reward
[0.04] | 0 | 1.0
0.042356450110673904 | 0 | 1.0
0.03886229172348976 | 0 | 1.0
0.03147542104125023 | 0 | 1.0
0.020193902775645256 | 0 | 1.0
0.005014212802052498 | 0 | 1.0
-0.014068404212594032 | 0 | 1.0
-0.03705941513180733 | 0 | 1.0
-0.06396425515413284 | 0 | 1.0
-0.09478729963302612 | 0 | 1.0
Total reward: 10.0
5.6, 5.6, 5.6, 5.6, 5.6, 5.6, 5.6, 5.6, 5.6, 5.6
parameter ends

state | action | reward
[-0.02] | 0 | 1.0
-0.0224181916564703 | 0 | 1.0
-0.026814760640263557 | 0 | 1.0
-0.0351039320230484 | 0 | 1.0
-0.047287467867136 | 0 | 1.0
-0.06336875259876251 | 0 | 1.0
-0.08335243165493011 | 0 | 1.0
-0.10724393278360367 | 0 | 1.0
-0.1350487321615219 | 0 | 1.0
-0.16677138209342957 | 0 | 1.0
Total reward: 10.0
5.6, 5.6, 5.6, 5.6, 5.6, 5.6, 5.6, 5.6, 5.6, 5.6
parameter ends

state | action | reward
[-0.02] | 0 | 1.0
-0.019396783784031868 | 0 | 1.0
-0.02239135093986988 | 0 | 1.0
-0.029297983273863792 | 0 | 1.0
-0.04011814668774605 | 0 | 1.0
-0.05485448241233826 | 0 | 1.0
-0.07351035624742508 | 0 | 1.0
-0.09608914703130722 | 0 | 1.0
Total reward: 8.0
5.6, 5.6, 5.6, 5.6, 5.6, 5.6, 5.6, 5.6, 5.6, 5.6
parameter ends

state | action | reward
[-0.03] | 0 | 1.0
-0.027432769536972046 | 0 | 1.0
-0.03180617094039917 | 0 | 1.0
-0.04008295759558678 | 0 | 1.0
-0.052264630794525146 | 0 | 1.0
-0.06835411489009857 | 0 | 1.0
-0.08835536986589432 | 0 | 1.0
-0.11227282881736755 | 0 | 1.0
-0.1401105374097824 | 0 | 1.0
Total reward: 9.0
5.6, 5.6, 5.6, 5.6, 5.6, 5.6, 5.6, 5.6, 5.6, 5.6
parameter ends

state | action | reward
[-0.02] | 0 | 1.0
-0.023998349905014038 | 0 | 1.0
-0.027513934299349785 | 0 | 1.0
-0.03492673113942146 | 0 | 1.0
-0.04623840004205704 | 0 | 1.0
-0.06145213916897774 | 0 | 1.0
-0.08057232201099396 | 0 | 1.0
-0.10360397398471832 | 0 | 1.0
-0.1305520087480545 | 0 | 1.0
-0.16142016649246216 | 0 | 1.0
Total reward: 10.0
5.6, 5.6, 5.6, 5.6, 5.6, 5.6, 5.6, 5.6, 5.6, 5.6
parameter ends

state | action | reward
[-0.] | 0 | 1.0
-0.0018248173873871565 | 0 | 1.0
-0.0066831959411501884 | 0 | 1.0
-0.015446451492607594 | 0 | 1.0
-0.028115982189774513 | 0 | 1.0
-0.04469458758831024 | 0 | 1.0
-0.06518609076738358 | 0 | 1.0
-0.0895947515964508 | 0 | 1.0
-0.11792443692684174 | 0 | 1.0
Total reward: 9.0
5.6, 5.6, 5.6, 5.6, 5.6, 5.6, 5.6, 5.6, 5.6, 5.6
parameter ends

state | action | reward
[0.] | 0 | 1.0
0.0038816863670945168 | 0 | 1.0
0.0004425485385581851 | 0 | 1.0
-0.006905496120452881 | 0 | 1.0
-0.01816396415233612 | 0 | 1.0
-0.03333564102649689 | 0 | 1.0
-0.052424147725105286 | 0 | 1.0
-0.07543328404426575 | 0 | 1.0
-0.1023661196231842 | 0 | 1.0
Total reward: 9.0
5.6, 5.6, 5.6, 5.6, 5.6, 5.6, 5.6, 5.6, 5.6, 5.6
parameter ends

state | action | reward
[-0.03] | 0 | 1.0
-0.03240176662802696 | 0 | 1.0
-0.03574651479721069 | 0 | 1.0
-0.04298044741153717 | 0 | 1.0
-0.05410534515976906 | 0 | 1.0
-0.06912465393543243 | 0 | 1.0
-0.08804316818714142 | 0 | 1.0
-0.11086657643318176 | 0 | 1.0
-0.13760073482990265 | 0 | 1.0
-0.16825078427791595 | 0 | 1.0
Total reward: 10.0
5.6, 5.6, 5.6, 5.6, 5.6, 5.6, 5.6, 5.6, 5.6, 5.6
parameter ends

state | action | reward
[0.01] | 0 | 1.0
0.014116312377154827 | 0 | 1.0
0.010409078560769558 | 0 | 1.0
0.002795180771499872 | 0 | 1.0
-0.008727009408175945 | 0 | 1.0
-0.02416042983531952 | 0 | 1.0
-0.043508902192115784 | 0 | 1.0
-0.06677649915218353 | 0 | 1.0
-0.09396664053201675 | 0 | 1.0
Total reward: 9.0
5.6, 5.6, 5.6, 5.6, 5.6, 5.6, 5.6, 5.6, 5.6, 5.6
parameter ends

state | action | reward
[-0.] | 0 | 1.0
-0.002432426903396845 | 0 | 1.0
-0.005476370453834534 | 0 | 1.0
-0.012411434203386307 | 0 | 1.0
-0.02323978580534458 | 0 | 1.0
-0.03796517476439476 | 0 | 1.0
-0.05659256502985954 | 0 | 1.0
-0.07912761718034744 | 0 | 1.0
-0.10557591915130615 | 0 | 1.0
-0.13594195246696472 | 0 | 1.0
Total reward: 10.0
5.6, 5.6, 5.6, 5.6, 5.6, 5.6, 5.6, 5.6, 5.6, 5.6
parameter ends

state | action | reward
[-0.03] | 0 | 1.0
-0.034532494843006134 | 0 | 1.0
-0.03827258571982384 | 0 | 1.0
-0.04591687396168709 | 0 | 1.0
-0.057467155158519745 | 0 | 1.0
-0.07292657345533371 | 0 | 1.0
-0.0922991931438446 | 0 | 1.0
-0.11558936536312103 | 0 | 1.0
-0.14280085265636444 | 0 | 1.0
Total reward: 9.0
5.6, 5.6, 5.6, 5.6, 5.6, 5.6, 5.6, 5.6, 5.6, 5.6
parameter ends

state | action | reward
[-0.01] | 0 | 1.0
-0.007563783321529627 | 0 | 1.0
-0.011924044229090214 | 0 | 1.0
-0.020177878439426422 | 0 | 1.0
-0.032327331602573395 | 0 | 1.0
-0.04837600886821747 | 0 | 1.0
-0.06832869350910187 | 0 | 1.0
-0.09219080954790115 | 0 | 1.0
-0.11996764689683914 | 0 | 1.0
-0.15166331827640533 | 0 | 1.0
Total reward: 10.0
5.6, 5.6, 5.6, 5.6, 5.6, 5.6, 5.6, 5.6, 5.6, 5.6
parameter ends

state | action | reward
[-0.03] | 0 | 1.0
-0.03121430240571499 | 0 | 1.0
-0.03592918440699577 | 0 | 1.0
-0.0445568785071373 | 0 | 1.0
-0.057098839432001114 | 0 | 1.0
-0.07355766743421555 | 0 | 1.0
-0.09393666684627533 | 0 | 1.0
-0.11823911219835281 | 0 | 1.0
Total reward: 8.0
5.6, 5.6, 5.6, 5.6, 5.6, 5.6, 5.6, 5.6, 5.6, 5.6
parameter ends

state | action | reward
[0.01] | 0 | 1.0
0.009565507061779499 | 0 | 1.0
0.005045040976256132 | 0 | 1.0
-0.003377517918124795 | 0 | 1.0
-0.015703905373811722 | 0 | 1.0
-0.03193726763129234 | 0 | 1.0
-0.052081767469644547 | 0 | 1.0
-0.07614198327064514 | 0 | 1.0
-0.10412207245826721 | 0 | 1.0
Total reward: 9.0
5.6, 5.6, 5.6, 5.6, 5.6, 5.6, 5.6, 5.6, 5.6, 5.6
parameter ends

state | action | reward
[0.04] | 0 | 1.0
0.03752538934350014 | 0 | 1.0
0.034090954810380936 | 0 | 1.0
0.02674221806228161 | 0 | 1.0
0.015477748587727547 | 0 | 1.0
0.0002950157504528761 | 0 | 1.0
-0.018809141591191292 | 0 | 1.0
-0.041837796568870544 | 0 | 1.0
Total reward: 8.0
5.6, 5.6, 5.6, 5.6, 5.6, 5.6, 5.6, 5.6, 5.6, 5.6
parameter ends

state | action | reward
[0.03] | 0 | 1.0
0.03377876803278923 | 0 | 1.0
0.029634013772010803 | 0 | 1.0
0.021577103063464165 | 0 | 1.0
0.009606577455997467 | 0 | 1.0
-0.006280194967985153 | 0 | 1.0
-0.02608656696975231 | 0 | 1.0
-0.04981591925024986 | 0 | 1.0
Total reward: 8.0
