5.0, 5.0, 5.0, 5.0, 5.0, 5.0, 5.0, 5.0, 5.0, 5.0
parameter ends

state | action | reward
[-0.01] | 0 | 1.0
-0.014884283766150475 | 0 | 1.0
-0.01916653849184513 | 0 | 1.0
-0.027356287464499474 | 0 | 1.0
-0.03945501521229744 | 0 | 1.0
-0.05546552315354347 | 0 | 1.0
-0.07539151608943939 | 0 | 1.0
-0.09923696517944336 | 0 | 1.0
-0.12700523436069489 | 0 | 1.0
Total reward: 9.0
5.0, 5.0, 5.0, 5.0, 5.0, 5.0, 5.0, 5.0, 5.0, 5.0
parameter ends

state | action | reward
[-0.] | 0 | 1.0
-0.004269567783921957 | 0 | 1.0
-0.008568660356104374 | 0 | 1.0
-0.016770819202065468 | 0 | 1.0
-0.02887756936252117 | 0 | 1.0
-0.04489186406135559 | 0 | 1.0
-0.06481770426034927 | 0 | 1.0
-0.08865954726934433 | 0 | 1.0
-0.11642148345708847 | 0 | 1.0
Total reward: 9.0
5.0, 5.0, 5.0, 5.0, 5.0, 5.0, 5.0, 5.0, 5.0, 5.0
parameter ends

state | action | reward
[-0.02] | 0 | 1.0
-0.02021295763552189 | 0 | 1.0
-0.023357076570391655 | 0 | 1.0
-0.03039945289492607 | 0 | 1.0
-0.041341569274663925 | 0 | 1.0
-0.05618644878268242 | 0 | 1.0
-0.0749383196234703 | 0 | 1.0
-0.09760207682847977 | 0 | 1.0
-0.12418253719806671 | 0 | 1.0
-0.1546834111213684 | 0 | 1.0
Total reward: 10.0
5.0, 5.0, 5.0, 5.0, 5.0, 5.0, 5.0, 5.0, 5.0, 5.0
parameter ends

state | action | reward
[-0.04] | 0 | 1.0
-0.044401317834854126 | 0 | 1.0
-0.04912710562348366 | 0 | 1.0
-0.057746391743421555 | 0 | 1.0
-0.07026077806949615 | 0 | 1.0
-0.08667346090078354 | 0 | 1.0
-0.10698895901441574 | 0 | 1.0
-0.13121257722377777 | 0 | 1.0
-0.1593496948480606 | 0 | 1.0
-0.19140484929084778 | 0 | 1.0
Total reward: 10.0
5.0, 5.0, 5.0, 5.0, 5.0, 5.0, 5.0, 5.0, 5.0, 5.0
parameter ends

state | action | reward
[-0.04] | 0 | 1.0
-0.03549835458397865 | 0 | 1.0
-0.038842443376779556 | 0 | 1.0
-0.04608403146266937 | 0 | 1.0
-0.057225000113248825 | 0 | 1.0
-0.07226871699094772 | 0 | 1.0
-0.09121968597173691 | 0 | 1.0
-0.1140829473733902 | 0 | 1.0
-0.140863299369812 | 0 | 1.0
-0.17156419157981873 | 0 | 1.0
Total reward: 10.0
5.0, 5.0, 5.0, 5.0, 5.0, 5.0, 5.0, 5.0, 5.0, 5.0
parameter ends

state | action | reward
[0.01] | 0 | 1.0
0.012948239222168922 | 0 | 1.0
0.00964922085404396 | 0 | 1.0
0.002441156655550003 | 0 | 1.0
-0.008677419275045395 | 0 | 1.0
-0.023709246888756752 | 0 | 1.0
-0.042657915502786636 | 0 | 1.0
-0.06552721560001373 | 0 | 1.0
-0.09232022613286972 | 0 | 1.0
Total reward: 9.0
5.0, 5.0, 5.0, 5.0, 5.0, 5.0, 5.0, 5.0, 5.0, 5.0
parameter ends

state | action | reward
[-0.02] | 0 | 1.0
-0.01885100267827511 | 0 | 1.0
-0.021833108738064766 | 0 | 1.0
-0.028727326542139053 | 0 | 1.0
-0.03953513130545616 | 0 | 1.0
-0.05425916612148285 | 0 | 1.0
-0.07290279865264893 | 0 | 1.0
-0.0954694002866745 | 0 | 1.0
Total reward: 8.0
5.0, 5.0, 5.0, 5.0, 5.0, 5.0, 5.0, 5.0, 5.0, 5.0
parameter ends

state | action | reward
[-0.01] | 0 | 1.0
-0.01279805414378643 | 0 | 1.0
-0.017664873972535133 | 0 | 1.0
-0.026433849707245827 | 0 | 1.0
-0.039106857031583786 | 0 | 1.0
-0.05568714812397957 | 0 | 1.0
-0.07617896050214767 | 0 | 1.0
-0.10058686137199402 | 0 | 1.0
-0.128914937376976 | 0 | 1.0
Total reward: 9.0
5.0, 5.0, 5.0, 5.0, 5.0, 5.0, 5.0, 5.0, 5.0, 5.0
parameter ends

state | action | reward
[-0.01] | 0 | 1.0
-0.009501977823674679 | 0 | 1.0
-0.01296600978821516 | 0 | 1.0
-0.020323216915130615 | 0 | 1.0
-0.031575243920087814 | 0 | 1.0
-0.04672534391283989 | 0 | 1.0
-0.06577806919813156 | 0 | 1.0
-0.08873876929283142 | 0 | 1.0
-0.11561287194490433 | 0 | 1.0
-0.1464049071073532 | 0 | 1.0
Total reward: 10.0
5.0, 5.0, 5.0, 5.0, 5.0, 5.0, 5.0, 5.0, 5.0, 5.0
parameter ends

state | action | reward
[0.] | 0 | 1.0
0.0037047050427645445 | 0 | 1.0
-0.0006556881126016378 | 0 | 1.0
-0.008929271250963211 | 0 | 1.0
-0.021117448806762695 | 0 | 1.0
-0.03722277656197548 | 0 | 1.0
-0.05724849924445152 | 0 | 1.0
-0.08119787275791168 | 0 | 1.0
Total reward: 8.0
5.0, 5.0, 5.0, 5.0, 5.0, 5.0, 5.0, 5.0, 5.0, 5.0
parameter ends

state | action | reward
[-0.] | 0 | 1.0
-0.0044189575128257275 | 0 | 1.0
-0.009133139625191689 | 0 | 1.0
-0.01775331422686577 | 0 | 1.0
-0.030280886217951775 | 0 | 1.0
-0.04671862721443176 | 0 | 1.0
-0.06707029789686203 | 0 | 1.0
-0.09134004265069962 | 0 | 1.0
-0.1195315420627594 | 0 | 1.0
Total reward: 9.0
5.0, 5.0, 5.0, 5.0, 5.0, 5.0, 5.0, 5.0, 5.0, 5.0
parameter ends

state | action | reward
[0.03] | 0 | 1.0
0.033097606152296066 | 0 | 1.0
0.03008183464407921 | 0 | 1.0
0.02317732386291027 | 0 | 1.0
0.012382134795188904 | 0 | 1.0
-0.002307324670255184 | 0 | 1.0
-0.020895976573228836 | 0 | 1.0
-0.04338958114385605 | 0 | 1.0
-0.06979405134916306 | 0 | 1.0
-0.10011448711156845 | 0 | 1.0
Total reward: 10.0
5.0, 5.0, 5.0, 5.0, 5.0, 5.0, 5.0, 5.0, 5.0, 5.0
parameter ends

state | action | reward
[0.01] | 0 | 1.0
0.009168824180960655 | 0 | 1.0
0.006074014585465193 | 0 | 1.0
-0.0009324720012955368 | 0 | 1.0
-0.011852207593619823 | 0 | 1.0
-0.026687929406762123 | 0 | 1.0
-0.04544306546449661 | 0 | 1.0
-0.068121038377285 | 0 | 1.0
Total reward: 8.0
5.0, 5.0, 5.0, 5.0, 5.0, 5.0, 5.0, 5.0, 5.0, 5.0
parameter ends

state | action | reward
[0.04] | 0 | 1.0
0.036909181624650955 | 0 | 1.0
0.03343179076910019 | 0 | 1.0
0.026061763986945152 | 0 | 1.0
0.014797328971326351 | 0 | 1.0
-0.0003648930578492582 | 0 | 1.0
-0.019429558888077736 | 0 | 1.0
-0.04240209236741066 | 0 | 1.0
-0.06928796321153641 | 0 | 1.0
-0.10009171068668365 | 0 | 1.0
Total reward: 10.0
5.0, 5.0, 5.0, 5.0, 5.0, 5.0, 5.0, 5.0, 5.0, 5.0
parameter ends

state | action | reward
[-0.01] | 0 | 1.0
-0.012442775070667267 | 0 | 1.0
-0.01609276421368122 | 0 | 1.0
-0.023634301498532295 | 0 | 1.0
-0.0350690595805645 | 0 | 1.0
-0.05040035769343376 | 0 | 1.0
-0.06963282823562622 | 0 | 1.0
-0.09277195483446121 | 0 | 1.0
-0.11982333660125732 | 0 | 1.0
-0.15079179406166077 | 0 | 1.0
Total reward: 10.0
5.0, 5.0, 5.0, 5.0, 5.0, 5.0, 5.0, 5.0, 5.0, 5.0
parameter ends

state | action | reward
[0.04] | 0 | 1.0
0.0373513326048851 | 0 | 1.0
0.032898832112550735 | 0 | 1.0
0.02454606629908085 | 0 | 1.0
0.012291484512388706 | 0 | 1.0
-0.0038679444696754217 | 0 | 1.0
-0.023936381563544273 | 0 | 1.0
-0.04791855812072754 | 0 | 1.0
-0.0758189857006073 | 0 | 1.0
-0.10764089226722717 | 0 | 1.0
Total reward: 10.0
5.0, 5.0, 5.0, 5.0, 5.0, 5.0, 5.0, 5.0, 5.0, 5.0
parameter ends

state | action | reward
[-0.03] | 0 | 1.0
-0.03128325939178467 | 0 | 1.0
-0.03584890440106392 | 0 | 1.0
-0.044311296194791794 | 0 | 1.0
-0.05667230486869812 | 0 | 1.0
-0.07293529808521271 | 0 | 1.0
-0.09310480207204819 | 0 | 1.0
-0.11718591302633286 | 0 | 1.0
-0.14518354833126068 | 0 | 1.0
-0.17710135877132416 | 0 | 1.0
Total reward: 10.0
5.0, 5.0, 5.0, 5.0, 5.0, 5.0, 5.0, 5.0, 5.0, 5.0
parameter ends

state | action | reward
[0.01] | 0 | 1.0
0.007381484378129244 | 0 | 1.0
0.00319577450864017 | 0 | 1.0
-0.0048899780958890915 | 0 | 1.0
-0.01687765121459961 | 0 | 1.0
-0.032770559191703796 | 0 | 1.0
-0.052573055028915405 | 0 | 1.0
-0.07628994435071945 | 0 | 1.0
-0.10392563045024872 | 0 | 1.0
Total reward: 9.0
5.0, 5.0, 5.0, 5.0, 5.0, 5.0, 5.0, 5.0, 5.0, 5.0
parameter ends

state | action | reward
[-0.01] | 0 | 1.0
-0.013285092078149319 | 0 | 1.0
-0.018071699887514114 | 0 | 1.0
-0.026766346767544746 | 0 | 1.0
-0.039370566606521606 | 0 | 1.0
-0.055887188762426376 | 0 | 1.0
-0.07631989568471909 | 0 | 1.0
-0.10067261010408401 | 0 | 1.0
-0.12894853949546814 | 0 | 1.0
Total reward: 9.0
5.0, 5.0, 5.0, 5.0, 5.0, 5.0, 5.0, 5.0, 5.0, 5.0
parameter ends

state | action | reward
[0.01] | 0 | 1.0
0.01403976883739233 | 0 | 1.0
0.010033078491687775 | 0 | 1.0
0.002118505071848631 | 0 | 1.0
-0.009705472737550735 | 0 | 1.0
-0.025441670790314674 | 0 | 1.0
-0.045093782246112823 | 0 | 1.0
-0.06866573542356491 | 0 | 1.0
-0.09616079926490784 | 0 | 1.0
Total reward: 9.0
