5.3, 5.3, 5.3, 5.3, 5.3, 5.3, 5.3, 5.3, 5.3, 5.3
parameter ends

state | action | reward
[0.02] | 0 | 1.0
0.01660006120800972 | 0 | 1.0
0.011728611774742603 | 0 | 1.0
0.0029601086862385273 | 0 | 1.0
-0.009706954471766949 | 0 | 1.0
-0.026275647804141045 | 0 | 1.0
-0.0467502661049366 | 0 | 1.0
-0.07113581150770187 | 0 | 1.0
-0.09943725168704987 | 0 | 1.0
-0.13165850937366486 | 0 | 1.0
Total reward: 10.0
5.3, 5.3, 5.3, 5.3, 5.3, 5.3, 5.3, 5.3, 5.3, 5.3
parameter ends

state | action | reward
[0.04] | 0 | 1.0
0.03906482085585594 | 0 | 1.0
0.034470584243535995 | 0 | 1.0
0.02597137726843357 | 0 | 1.0
0.01356547325849533 | 0 | 1.0
-0.0027501925360411406 | 0 | 1.0
-0.022979598492383957 | 0 | 1.0
-0.04712701216340065 | 0 | 1.0
-0.07519608736038208 | 0 | 1.0
Total reward: 9.0
5.3, 5.3, 5.3, 5.3, 5.3, 5.3, 5.3, 5.3, 5.3, 5.3
parameter ends

state | action | reward
[0.01] | 0 | 1.0
0.006609650794416666 | 0 | 1.0
0.003062498290091753 | 0 | 1.0
-0.004399026744067669 | 0 | 1.0
-0.01577623002231121 | 0 | 1.0
-0.031071554869413376 | 0 | 1.0
-0.0502881184220314 | 0 | 1.0
-0.07342901825904846 | 0 | 1.0
Total reward: 8.0
5.3, 5.3, 5.3, 5.3, 5.3, 5.3, 5.3, 5.3, 5.3, 5.3
parameter ends

state | action | reward
[0.] | 0 | 1.0
0.0007256551762111485 | 0 | 1.0
-0.003951814491301775 | 0 | 1.0
-0.012542182579636574 | 0 | 1.0
-0.025046981871128082 | 0 | 1.0
-0.04146888107061386 | 0 | 1.0
-0.061811190098524094 | 0 | 1.0
-0.08607716858386993 | 0 | 1.0
Total reward: 8.0
5.3, 5.3, 5.3, 5.3, 5.3, 5.3, 5.3, 5.3, 5.3, 5.3
parameter ends

state | action | reward
[-0.03] | 0 | 1.0
-0.033830538392066956 | 0 | 1.0
-0.03840353712439537 | 0 | 1.0
-0.04688086360692978 | 0 | 1.0
-0.059264175593853 | 0 | 1.0
-0.07555650174617767 | 0 | 1.0
-0.09576182812452316 | 0 | 1.0
-0.11988449841737747 | 0 | 1.0
-0.14792831242084503 | 0 | 1.0
Total reward: 9.0
5.3, 5.3, 5.3, 5.3, 5.3, 5.3, 5.3, 5.3, 5.3, 5.3
parameter ends

state | action | reward
[8.58e-05] | 0 | 1.0
-0.000511984049808234 | 0 | 1.0
-0.004998333286494017 | 0 | 1.0
-0.013373608700931072 | 0 | 1.0
-0.02563994564116001 | 0 | 1.0
-0.041801102459430695 | 0 | 1.0
-0.061862118542194366 | 0 | 1.0
-0.08582880347967148 | 0 | 1.0
-0.113707035779953 | 0 | 1.0
-0.14550171792507172 | 0 | 1.0
Total reward: 10.0
5.3, 5.3, 5.3, 5.3, 5.3, 5.3, 5.3, 5.3, 5.3, 5.3
parameter ends

state | action | reward
[0.03] | 0 | 1.0
0.030040394514799118 | 0 | 1.0
0.026479890570044518 | 0 | 1.0
0.01900756172835827 | 0 | 1.0
0.00762186711654067 | 0 | 1.0
-0.007679901551455259 | 0 | 1.0
-0.026901153847575188 | 0 | 1.0
-0.05004529654979706 | 0 | 1.0
Total reward: 8.0
5.3, 5.3, 5.3, 5.3, 5.3, 5.3, 5.3, 5.3, 5.3, 5.3
parameter ends

state | action | reward
[-0.02] | 0 | 1.0
-0.01788492314517498 | 0 | 1.0
-0.022449703887104988 | 0 | 1.0
-0.03091316483914852 | 0 | 1.0
-0.04327699542045593 | 0 | 1.0
-0.0595443919301033 | 0 | 1.0
-0.079719677567482 | 0 | 1.0
-0.10380776226520538 | 0 | 1.0
-0.13181333243846893 | 0 | 1.0
-0.16373978555202484 | 0 | 1.0
Total reward: 10.0
5.3, 5.3, 5.3, 5.3, 5.3, 5.3, 5.3, 5.3, 5.3, 5.3
parameter ends

state | action | reward
[-0.03] | 0 | 1.0
-0.027927177026867867 | 0 | 1.0
-0.03242078423500061 | 0 | 1.0
-0.04080828279256821 | 0 | 1.0
-0.05309126526117325 | 0 | 1.0
-0.06927294284105301 | 0 | 1.0
-0.08935780078172684 | 0 | 1.0
-0.11335112899541855 | 0 | 1.0
-0.14125825464725494 | 0 | 1.0
-0.17308364808559418 | 0 | 1.0
Total reward: 10.0
5.3, 5.3, 5.3, 5.3, 5.3, 5.3, 5.3, 5.3, 5.3, 5.3
parameter ends

state | action | reward
[-0.03] | 0 | 1.0
-0.0325048565864563 | 0 | 1.0
-0.0357331819832325 | 0 | 1.0
-0.04286070540547371 | 0 | 1.0
-0.05388931930065155 | 0 | 1.0
-0.06882236152887344 | 0 | 1.0
-0.08766424655914307 | 0 | 1.0
-0.1104198470711708 | 0 | 1.0
-0.1370937079191208 | 0 | 1.0
-0.16768890619277954 | 0 | 1.0
Total reward: 10.0
5.3, 5.3, 5.3, 5.3, 5.3, 5.3, 5.3, 5.3, 5.3, 5.3
parameter ends

state | action | reward
[0.] | 0 | 1.0
-0.00044584617717191577 | 0 | 1.0
-0.005224927328526974 | 0 | 1.0
-0.013906707987189293 | 0 | 1.0
-0.026492716744542122 | 0 | 1.0
-0.04298591613769531 | 0 | 1.0
-0.0633903220295906 | 0 | 1.0
-0.087710440158844 | 0 | 1.0
-0.11595041304826736 | 0 | 1.0
Total reward: 9.0
5.3, 5.3, 5.3, 5.3, 5.3, 5.3, 5.3, 5.3, 5.3, 5.3
parameter ends

state | action | reward
[-0.02] | 0 | 1.0
-0.02215714566409588 | 0 | 1.0
-0.02618027850985527 | 0 | 1.0
-0.03411472961306572 | 0 | 1.0
-0.04596208035945892 | 0 | 1.0
-0.06172510236501694 | 0 | 1.0
-0.08140725642442703 | 0 | 1.0
-0.10501201450824738 | 0 | 1.0
Total reward: 8.0
5.3, 5.3, 5.3, 5.3, 5.3, 5.3, 5.3, 5.3, 5.3, 5.3
parameter ends

state | action | reward
[0.03] | 0 | 1.0
0.03407292813062668 | 0 | 1.0
0.029496189206838608 | 0 | 1.0
0.02100417949259281 | 0 | 1.0
0.008595478720963001 | 0 | 1.0
-0.007732396945357323 | 0 | 1.0
-0.027982521802186966 | 0 | 1.0
-0.052157819271087646 | 0 | 1.0
Total reward: 8.0
5.3, 5.3, 5.3, 5.3, 5.3, 5.3, 5.3, 5.3, 5.3, 5.3
parameter ends

state | action | reward
[0.04] | 0 | 1.0
0.034636013209819794 | 0 | 1.0
0.03025118261575699 | 0 | 1.0
0.02197214774787426 | 0 | 1.0
0.009797105565667152 | 0 | 1.0
-0.006277325563132763 | 0 | 1.0
-0.026255754753947258 | 0 | 1.0
-0.050143491476774216 | 0 | 1.0
-0.07794580608606339 | 0 | 1.0
-0.10966691374778748 | 0 | 1.0
Total reward: 10.0
5.3, 5.3, 5.3, 5.3, 5.3, 5.3, 5.3, 5.3, 5.3, 5.3
parameter ends

state | action | reward
[0.04] | 0 | 1.0
0.0354045033454895 | 0 | 1.0
0.030505729839205742 | 0 | 1.0
0.021704787388443947 | 0 | 1.0
0.009000208228826523 | 0 | 1.0
-0.007610923610627651 | 0 | 1.0
-0.028132621198892593 | 0 | 1.0
-0.052569422870874405 | 0 | 1.0
-0.0809255912899971 | 0 | 1.0
-0.11320402473211288 | 0 | 1.0
Total reward: 10.0
5.3, 5.3, 5.3, 5.3, 5.3, 5.3, 5.3, 5.3, 5.3, 5.3
parameter ends

state | action | reward
[-0.] | 0 | 1.0
-0.0030555722769349813 | 0 | 1.0
-0.00734454020857811 | 0 | 1.0
-0.015523500740528107 | 0 | 1.0
-0.027594048529863358 | 0 | 1.0
-0.04355945065617561 | 0 | 1.0
-0.06342435628175735 | 0 | 1.0
-0.08719431608915329 | 0 | 1.0
-0.11487512290477753 | 0 | 1.0
-0.14647190272808075 | 0 | 1.0
-0.18198786675930023 | 0 | 1.0
Total reward: 11.0
5.3, 5.3, 5.3, 5.3, 5.3, 5.3, 5.3, 5.3, 5.3, 5.3
parameter ends

state | action | reward
[-0.02] | 0 | 1.0
-0.01687094196677208 | 0 | 1.0
-0.02001703903079033 | 0 | 1.0
-0.02706976793706417 | 0 | 1.0
-0.03803081065416336 | 0 | 1.0
-0.05290314182639122 | 0 | 1.0
-0.0716906189918518 | 0 | 1.0
-0.09439730644226074 | 0 | 1.0
-0.12102659046649933 | 0 | 1.0
Total reward: 9.0
5.3, 5.3, 5.3, 5.3, 5.3, 5.3, 5.3, 5.3, 5.3, 5.3
parameter ends

state | action | reward
[0.02] | 0 | 1.0
0.020347293466329575 | 0 | 1.0
0.015724679455161095 | 0 | 1.0
0.007209236733615398 | 0 | 1.0
-0.005200753454118967 | 0 | 1.0
-0.02150862291455269 | 0 | 1.0
-0.041718989610672 | 0 | 1.0
-0.06583724170923233 | 0 | 1.0
-0.09386884421110153 | 0 | 1.0
-0.12581834197044373 | 0 | 1.0
Total reward: 10.0
5.3, 5.3, 5.3, 5.3, 5.3, 5.3, 5.3, 5.3, 5.3, 5.3
parameter ends

state | action | reward
[0.02] | 0 | 1.0
0.017194148153066635 | 0 | 1.0
0.01240741927176714 | 0 | 1.0
0.00372876925393939 | 0 | 1.0
-0.00884390901774168 | 0 | 1.0
-0.025314297527074814 | 0 | 1.0
-0.04568729177117348 | 0 | 1.0
-0.06996846944093704 | 0 | 1.0
-0.09816332161426544 | 0 | 1.0
-0.13027624785900116 | 0 | 1.0
Total reward: 10.0
5.3, 5.3, 5.3, 5.3, 5.3, 5.3, 5.3, 5.3, 5.3, 5.3
parameter ends

state | action | reward
[-0.] | 0 | 1.0
-0.005139409564435482 | 0 | 1.0
-0.009814838878810406 | 0 | 1.0
-0.01839418336749077 | 0 | 1.0
-0.030879005789756775 | 0 | 1.0
-0.04727226868271828 | 0 | 1.0
-0.06757794320583344 | 0 | 1.0
-0.09180039167404175 | 0 | 1.0
-0.11994355916976929 | 0 | 1.0
Total reward: 9.0
