5.3, 5.3, 5.3, 5.3, 5.3, 5.3, 5.3, 5.3, 5.3, 5.3
parameter ends

state | action | reward
[0.02] | 0 | 1.0
0.020337725058197975 | 0 | 1.0
0.016368171200156212 | 0 | 1.0
0.00850326381623745 | 0 | 1.0
-0.0032586082816123962 | 0 | 1.0
-0.018920637667179108 | 0 | 1.0
-0.038487259298563004 | 0 | 1.0
-0.06196364760398865 | 0 | 1.0
-0.08935496211051941 | 0 | 1.0
-0.12066535651683807 | 0 | 1.0
Total reward: 10.0
5.3, 5.3, 5.3, 5.3, 5.3, 5.3, 5.3, 5.3, 5.3, 5.3
parameter ends

state | action | reward
[0.03] | 0 | 1.0
0.025865178555250168 | 0 | 1.0
0.021333962678909302 | 0 | 1.0
0.01288906391710043 | 0 | 1.0
0.0005289479158818722 | 0 | 1.0
-0.015749016776680946 | 0 | 1.0
-0.03594807907938957 | 0 | 1.0
-0.06007137522101402 | 0 | 1.0
Total reward: 8.0
5.3, 5.3, 5.3, 5.3, 5.3, 5.3, 5.3, 5.3, 5.3, 5.3
parameter ends

state | action | reward
[-0.04] | 0 | 1.0
-0.036492183804512024 | 0 | 1.0
-0.039666224271059036 | 0 | 1.0
-0.04674019664525986 | 0 | 1.0
-0.05771580711007118 | 0 | 1.0
-0.0725962445139885 | 0 | 1.0
-0.09138576686382294 | 0 | 1.0
-0.11408917605876923 | 0 | 1.0
-0.1407109647989273 | 0 | 1.0
-0.1712542623281479 | 0 | 1.0
Total reward: 10.0
5.3, 5.3, 5.3, 5.3, 5.3, 5.3, 5.3, 5.3, 5.3, 5.3
parameter ends

state | action | reward
[0.04] | 0 | 1.0
0.0427757166326046 | 0 | 1.0
0.038579072803258896 | 0 | 1.0
0.0304812453687191 | 0 | 1.0
0.018480543047189713 | 0 | 1.0
0.00257382495328784 | 0 | 1.0
-0.01724310591816902 | 0 | 1.0
-0.04097491502761841 | 0 | 1.0
-0.06862591207027435 | 0 | 1.0
Total reward: 9.0
5.3, 5.3, 5.3, 5.3, 5.3, 5.3, 5.3, 5.3, 5.3, 5.3
parameter ends

state | action | reward
[0.01] | 0 | 1.0
0.007099845912307501 | 0 | 1.0
0.004097611177712679 | 0 | 1.0
-0.0027939677238464355 | 0 | 1.0
-0.013576788827776909 | 0 | 1.0
-0.028254399076104164 | 0 | 1.0
-0.04683167114853859 | 0 | 1.0
-0.06931430846452713 | 0 | 1.0
-0.09570816159248352 | 0 | 1.0
-0.12601825594902039 | 0 | 1.0
Total reward: 10.0
5.3, 5.3, 5.3, 5.3, 5.3, 5.3, 5.3, 5.3, 5.3, 5.3
parameter ends

state | action | reward
[-0.02] | 0 | 1.0
-0.020222771912813187 | 0 | 1.0
-0.024671724066138268 | 0 | 1.0
-0.033028457313776016 | 0 | 1.0
-0.04529440030455589 | 0 | 1.0
-0.061472292989492416 | 0 | 1.0
-0.08156579732894897 | 0 | 1.0
-0.10557884722948074 | 0 | 1.0
-0.13351480662822723 | 0 | 1.0
Total reward: 9.0
5.3, 5.3, 5.3, 5.3, 5.3, 5.3, 5.3, 5.3, 5.3, 5.3
parameter ends

state | action | reward
[-0.01] | 0 | 1.0
-0.0074373651295900345 | 0 | 1.0
-0.012109634466469288 | 0 | 1.0
-0.020687470212578773 | 0 | 1.0
-0.03317219763994217 | 0 | 1.0
-0.049566540867090225 | 0 | 1.0
-0.06987424194812775 | 0 | 1.0
-0.0940994918346405 | 0 | 1.0
-0.12224607914686203 | 0 | 1.0
Total reward: 9.0
5.3, 5.3, 5.3, 5.3, 5.3, 5.3, 5.3, 5.3, 5.3, 5.3
parameter ends

state | action | reward
[0.03] | 0 | 1.0
0.02960500307381153 | 0 | 1.0
0.025150038301944733 | 0 | 1.0
0.0167827270925045 | 0 | 1.0
0.004501817747950554 | 0 | 1.0
-0.011695151217281818 | 0 | 1.0
-0.0318114347755909 | 0 | 1.0
-0.05585043132305145 | 0 | 1.0
-0.08381474763154984 | 0 | 1.0
Total reward: 9.0
5.3, 5.3, 5.3, 5.3, 5.3, 5.3, 5.3, 5.3, 5.3, 5.3
parameter ends

state | action | reward
[-0.01] | 0 | 1.0
-0.008251230232417583 | 0 | 1.0
-0.011212842538952827 | 0 | 1.0
-0.01806546561419964 | 0 | 1.0
-0.028811048716306686 | 0 | 1.0
-0.0434531532227993 | 0 | 1.0
-0.061996620148420334 | 0 | 1.0
-0.08444704860448837 | 0 | 1.0
-0.11081007122993469 | 0 | 1.0
-0.14109039306640625 | 0 | 1.0
Total reward: 10.0
5.3, 5.3, 5.3, 5.3, 5.3, 5.3, 5.3, 5.3, 5.3, 5.3
parameter ends

state | action | reward
[0.04] | 0 | 1.0
0.04147785156965256 | 0 | 1.0
0.03772379830479622 | 0 | 1.0
0.030075782909989357 | 0 | 1.0
0.018532024696469307 | 0 | 1.0
0.003089164150878787 | 0 | 1.0
-0.016257401555776596 | 0 | 1.0
-0.0395129956305027 | 0 | 1.0
-0.06668292731046677 | 0 | 1.0
-0.09777147322893143 | 0 | 1.0
Total reward: 10.0
5.3, 5.3, 5.3, 5.3, 5.3, 5.3, 5.3, 5.3, 5.3, 5.3
parameter ends

state | action | reward
[0.02] | 0 | 1.0
0.020972857251763344 | 0 | 1.0
0.01709609664976597 | 0 | 1.0
0.009329034015536308 | 0 | 1.0
-0.002330213552340865 | 0 | 1.0
-0.01788516156375408 | 0 | 1.0
-0.03734063729643822 | 0 | 1.0
-0.06070227175951004 | 0 | 1.0
-0.08797580003738403 | 0 | 1.0
-0.11916609108448029 | 0 | 1.0
Total reward: 10.0
5.3, 5.3, 5.3, 5.3, 5.3, 5.3, 5.3, 5.3, 5.3, 5.3
parameter ends

state | action | reward
[-0.02] | 0 | 1.0
-0.019230548292398453 | 0 | 1.0
-0.02350706420838833 | 0 | 1.0
-0.03167437016963959 | 0 | 1.0
-0.04373461380600929 | 0 | 1.0
-0.05969153344631195 | 0 | 1.0
-0.07955009490251541 | 0 | 1.0
-0.10331597924232483 | 0 | 1.0
-0.13099481165409088 | 0 | 1.0
-0.16259117424488068 | 0 | 1.0
Total reward: 10.0
5.3, 5.3, 5.3, 5.3, 5.3, 5.3, 5.3, 5.3, 5.3, 5.3
parameter ends

state | action | reward
[0.02] | 0 | 1.0
0.01595541089773178 | 0 | 1.0
0.012620153836905956 | 0 | 1.0
0.0053763617761433125 | 0 | 1.0
-0.00577767426148057 | 0 | 1.0
-0.020844900980591774 | 0 | 1.0
-0.03982904553413391 | 0 | 1.0
-0.06273393332958221 | 0 | 1.0
-0.0895625501871109 | 0 | 1.0
Total reward: 9.0
5.3, 5.3, 5.3, 5.3, 5.3, 5.3, 5.3, 5.3, 5.3, 5.3
parameter ends

state | action | reward
[0.05] | 0 | 1.0
0.04518158733844757 | 0 | 1.0
0.041438717395067215 | 0 | 1.0
0.03379443660378456 | 0 | 1.0
0.022246915847063065 | 0 | 1.0
0.006792920641601086 | 0 | 1.0
-0.012571796774864197 | 0 | 1.0
-0.035851892083883286 | 0 | 1.0
-0.06305158138275146 | 0 | 1.0
Total reward: 9.0
5.3, 5.3, 5.3, 5.3, 5.3, 5.3, 5.3, 5.3, 5.3, 5.3
parameter ends

state | action | reward
[0.02] | 0 | 1.0
0.017903443425893784 | 0 | 1.0
0.013776862062513828 | 0 | 1.0
0.005759703926742077 | 0 | 1.0
-0.006150015629827976 | 0 | 1.0
-0.02195589616894722 | 0 | 1.0
-0.04166281595826149 | 0 | 1.0
-0.06527642160654068 | 0 | 1.0
-0.09280239790678024 | 0 | 1.0
-0.12424548715353012 | 0 | 1.0
Total reward: 10.0
5.3, 5.3, 5.3, 5.3, 5.3, 5.3, 5.3, 5.3, 5.3, 5.3
parameter ends

state | action | reward
[-0.] | 0 | 1.0
-6.269477808018564e-07 | 0 | 1.0
-0.0035318504087626934 | 0 | 1.0
-0.010965977795422077 | 0 | 1.0
-0.022304542362689972 | 0 | 1.0
-0.037550508975982666 | 0 | 1.0
-0.05670788884162903 | 0 | 1.0
-0.07978115230798721 | 0 | 1.0
-0.10677442699670792 | 0 | 1.0
Total reward: 9.0
5.3, 5.3, 5.3, 5.3, 5.3, 5.3, 5.3, 5.3, 5.3, 5.3
parameter ends

state | action | reward
[-0.02] | 0 | 1.0
-0.015566563233733177 | 0 | 1.0
-0.019014529883861542 | 0 | 1.0
-0.026363544166088104 | 0 | 1.0
-0.03761507570743561 | 0 | 1.0
-0.052772071212530136 | 0 | 1.0
-0.0718386098742485 | 0 | 1.0
-0.0948193296790123 | 0 | 1.0
-0.12171866744756699 | 0 | 1.0
-0.15253975987434387 | 0 | 1.0
Total reward: 10.0
5.3, 5.3, 5.3, 5.3, 5.3, 5.3, 5.3, 5.3, 5.3, 5.3
parameter ends

state | action | reward
[0.01] | 0 | 1.0
0.010177051648497581 | 0 | 1.0
0.006975345313549042 | 0 | 1.0
-0.00013044568186160177 | 0 | 1.0
-0.011141962371766567 | 0 | 1.0
-0.026062222197651863 | 0 | 1.0
-0.0448952242732048 | 0 | 1.0
-0.06764532625675201 | 0 | 1.0
-0.09431639313697815 | 0 | 1.0
Total reward: 9.0
5.3, 5.3, 5.3, 5.3, 5.3, 5.3, 5.3, 5.3, 5.3, 5.3
parameter ends

state | action | reward
[-0.03] | 0 | 1.0
-0.02818051353096962 | 0 | 1.0
-0.03235044330358505 | 0 | 1.0
-0.040408506989479065 | 0 | 1.0
-0.05235692858695984 | 0 | 1.0
-0.06819954514503479 | 0 | 1.0
-0.0879414826631546 | 0 | 1.0
-0.11158864945173264 | 0 | 1.0
-0.13914696872234344 | 0 | 1.0
-0.17062148451805115 | 0 | 1.0
Total reward: 10.0
5.3, 5.3, 5.3, 5.3, 5.3, 5.3, 5.3, 5.3, 5.3, 5.3
parameter ends

state | action | reward
[0.] | 0 | 1.0
0.0028188584838062525 | 0 | 1.0
-0.0017295167781412601 | 0 | 1.0
-0.010172133333981037 | 0 | 1.0
-0.022511010989546776 | 0 | 1.0
-0.038749706000089645 | 0 | 1.0
-0.058892957866191864 | 0 | 1.0
-0.08294612914323807 | 0 | 1.0
-0.11091441661119461 | 0 | 1.0
-0.14280185103416443 | 0 | 1.0
Total reward: 10.0
