5.0, 5.0, 5.0, 5.0, 5.0, 5.0, 5.0, 5.0, 5.0, 5.0
parameter ends

state | action | reward
[-0.03] | 0 | 1.0
-0.027336614206433296 | 0 | 1.0
-0.03137335553765297 | 0 | 1.0
-0.03931668400764465 | 0 | 1.0
-0.05116799473762512 | 0 | 1.0
-0.06693004071712494 | 0 | 1.0
-0.08660653233528137 | 0 | 1.0
-0.11020155996084213 | 0 | 1.0
-0.13771870732307434 | 0 | 1.0
Total reward: 9.0
5.0, 5.0, 5.0, 5.0, 5.0, 5.0, 5.0, 5.0, 5.0, 5.0
parameter ends

state | action | reward
[-0.01] | 0 | 1.0
-0.010832183994352818 | 0 | 1.0
-0.014637460932135582 | 0 | 1.0
-0.0223550908267498 | 0 | 1.0
-0.033986471593379974 | 0 | 1.0
-0.049534186720848083 | 0 | 1.0
-0.06900154054164886 | 0 | 1.0
-0.09239190816879272 | 0 | 1.0
Total reward: 8.0
5.0, 5.0, 5.0, 5.0, 5.0, 5.0, 5.0, 5.0, 5.0, 5.0
parameter ends

state | action | reward
[-0.05] | 0 | 1.0
-0.045569464564323425 | 0 | 1.0
-0.04897608980536461 | 0 | 1.0
-0.056280095130205154 | 0 | 1.0
-0.06748338043689728 | 0 | 1.0
-0.08258935064077377 | 0 | 1.0
-0.10160251706838608 | 0 | 1.0
-0.1245279312133789 | 0 | 1.0
-0.15137040615081787 | 0 | 1.0
-0.18213340640068054 | 0 | 1.0
Total reward: 10.0
5.0, 5.0, 5.0, 5.0, 5.0, 5.0, 5.0, 5.0, 5.0, 5.0
parameter ends

state | action | reward
[0.03] | 0 | 1.0
0.033796656876802444 | 0 | 1.0
0.03032740205526352 | 0 | 1.0
0.022944029420614243 | 0 | 1.0
0.011645189486443996 | 0 | 1.0
-0.003571599256247282 | 0 | 1.0
-0.02270948886871338 | 0 | 1.0
-0.045771606266498566 | 0 | 1.0
Total reward: 8.0
5.0, 5.0, 5.0, 5.0, 5.0, 5.0, 5.0, 5.0, 5.0, 5.0
parameter ends

state | action | reward
[0.02] | 0 | 1.0
0.015688544139266014 | 0 | 1.0
0.011618198826909065 | 0 | 1.0
0.0036605799105018377 | 0 | 1.0
-0.00818598736077547 | 0 | 1.0
-0.02392488718032837 | 0 | 1.0
-0.04356091469526291 | 0 | 1.0
-0.06709983944892883 | 0 | 1.0
-0.09454773366451263 | 0 | 1.0
-0.12591010332107544 | 0 | 1.0
-0.1611906737089157 | 0 | 1.0
Total reward: 11.0
5.0, 5.0, 5.0, 5.0, 5.0, 5.0, 5.0, 5.0, 5.0, 5.0
parameter ends

state | action | reward
[-0.03] | 0 | 1.0
-0.03175089880824089 | 0 | 1.0
-0.036473385989665985 | 0 | 1.0
-0.04508484527468681 | 0 | 1.0
-0.05758718028664589 | 0 | 1.0
-0.07398394495248795 | 0 | 1.0
-0.09428002685308456 | 0 | 1.0
-0.11848116666078568 | 0 | 1.0
-0.14659324288368225 | 0 | 1.0
-0.1786213368177414 | 0 | 1.0
Total reward: 10.0
5.0, 5.0, 5.0, 5.0, 5.0, 5.0, 5.0, 5.0, 5.0, 5.0
parameter ends

state | action | reward
[-0.01] | 0 | 1.0
-0.005496435798704624 | 0 | 1.0
-0.009426302276551723 | 0 | 1.0
-0.01724427379667759 | 0 | 1.0
-0.028952477499842644 | 0 | 1.0
-0.044554680585861206 | 0 | 1.0
-0.06405594944953918 | 0 | 1.0
-0.0874621644616127 | 0 | 1.0
-0.1147792711853981 | 0 | 1.0
-0.14601236581802368 | 0 | 1.0
Total reward: 10.0
5.0, 5.0, 5.0, 5.0, 5.0, 5.0, 5.0, 5.0, 5.0, 5.0
parameter ends

state | action | reward
[-0.03] | 0 | 1.0
-0.0313824899494648 | 0 | 1.0
-0.03461392968893051 | 0 | 1.0
-0.04174983128905296 | 0 | 1.0
-0.05279184505343437 | 0 | 1.0
-0.0677429810166359 | 0 | 1.0
-0.08660721778869629 | 0 | 1.0
-0.10938887298107147 | 0 | 1.0
-0.13609173893928528 | 0 | 1.0
Total reward: 9.0
5.0, 5.0, 5.0, 5.0, 5.0, 5.0, 5.0, 5.0, 5.0, 5.0
parameter ends

state | action | reward
[-0.05] | 0 | 1.0
-0.048337191343307495 | 0 | 1.0
-0.052367910742759705 | 0 | 1.0
-0.06031394004821777 | 0 | 1.0
-0.07217635214328766 | 0 | 1.0
-0.08795736730098724 | 0 | 1.0
-0.1076599583029747 | 0 | 1.0
-0.13128714263439178 | 0 | 1.0
Total reward: 8.0
5.0, 5.0, 5.0, 5.0, 5.0, 5.0, 5.0, 5.0, 5.0, 5.0
parameter ends

state | action | reward
[-0.] | 0 | 1.0
-0.0021838739048689604 | 0 | 1.0
-0.006376612465828657 | 0 | 1.0
-0.014482428319752216 | 0 | 1.0
-0.02650265581905842 | 0 | 1.0
-0.04243980348110199 | 0 | 1.0
-0.06229710578918457 | 0 | 1.0
-0.08607783913612366 | 0 | 1.0
Total reward: 8.0
5.0, 5.0, 5.0, 5.0, 5.0, 5.0, 5.0, 5.0, 5.0, 5.0
parameter ends

state | action | reward
[-0.04] | 0 | 1.0
-0.044627368450164795 | 0 | 1.0
-0.04860649257898331 | 0 | 1.0
-0.05647478252649307 | 0 | 1.0
-0.06823405623435974 | 0 | 1.0
-0.08388778567314148 | 0 | 1.0
-0.1034407913684845 | 0 | 1.0
-0.12689876556396484 | 0 | 1.0
-0.1542675793170929 | 0 | 1.0
-0.18555234372615814 | 0 | 1.0
Total reward: 10.0
5.0, 5.0, 5.0, 5.0, 5.0, 5.0, 5.0, 5.0, 5.0, 5.0
parameter ends

state | action | reward
[0.05] | 0 | 1.0
0.048131413757801056 | 0 | 1.0
0.04403740540146828 | 0 | 1.0
0.03603814169764519 | 0 | 1.0
0.024132244288921356 | 0 | 1.0
0.008316930383443832 | 0 | 1.0
-0.011411589570343494 | 0 | 1.0
-0.035057537257671356 | 0 | 1.0
-0.0626247301697731 | 0 | 1.0
Total reward: 9.0
5.0, 5.0, 5.0, 5.0, 5.0, 5.0, 5.0, 5.0, 5.0, 5.0
parameter ends

state | action | reward
[-0.01] | 0 | 1.0
-0.011907799169421196 | 0 | 1.0
-0.016328612342476845 | 0 | 1.0
-0.024656012654304504 | 0 | 1.0
-0.03689177706837654 | 0 | 1.0
-0.053038958460092545 | 0 | 1.0
-0.0731014534831047 | 0 | 1.0
-0.09708333015441895 | 0 | 1.0
-0.12498791515827179 | 0 | 1.0
Total reward: 9.0
5.0, 5.0, 5.0, 5.0, 5.0, 5.0, 5.0, 5.0, 5.0, 5.0
parameter ends

state | action | reward
[0.04] | 0 | 1.0
0.04317585378885269 | 0 | 1.0
0.0383523553609848 | 0 | 1.0
0.02963980659842491 | 0 | 1.0
0.017036419361829758 | 0 | 1.0
0.0005387364071793854 | 0 | 1.0
-0.01985805295407772 | 0 | 1.0
-0.04415963590145111 | 0 | 1.0
-0.07237190008163452 | 0 | 1.0
-0.10449999570846558 | 0 | 1.0
Total reward: 10.0
5.0, 5.0, 5.0, 5.0, 5.0, 5.0, 5.0, 5.0, 5.0, 5.0
parameter ends

state | action | reward
[0.03] | 0 | 1.0
0.02721867337822914 | 0 | 1.0
0.024095214903354645 | 0 | 1.0
0.017072459682822227 | 0 | 1.0
0.0061484649777412415 | 0 | 1.0
-0.00868015456944704 | 0 | 1.0
-0.027417831122875214 | 0 | 1.0
-0.05006944760680199 | 0 | 1.0
-0.07663950324058533 | 0 | 1.0
-0.1071309745311737 | 0 | 1.0
Total reward: 10.0
5.0, 5.0, 5.0, 5.0, 5.0, 5.0, 5.0, 5.0, 5.0, 5.0
parameter ends

state | action | reward
[0.04] | 0 | 1.0
0.04318619892001152 | 0 | 1.0
0.04009449854493141 | 0 | 1.0
0.03309426084160805 | 0 | 1.0
0.02218395285308361 | 0 | 1.0
0.007360758725553751 | 0 | 1.0
-0.011378975585103035 | 0 | 1.0
-0.034039098769426346 | 0 | 1.0
-0.06062273681163788 | 0 | 1.0
Total reward: 9.0
5.0, 5.0, 5.0, 5.0, 5.0, 5.0, 5.0, 5.0, 5.0, 5.0
parameter ends

state | action | reward
[0.01] | 0 | 1.0
0.0076749855652451515 | 0 | 1.0
0.0035503932740539312 | 0 | 1.0
-0.004478167276829481 | 0 | 1.0
-0.01641230285167694 | 0 | 1.0
-0.032255012542009354 | 0 | 1.0
-0.05201028287410736 | 0 | 1.0
-0.07568248361349106 | 0 | 1.0
-0.10327551513910294 | 0 | 1.0
Total reward: 9.0
5.0, 5.0, 5.0, 5.0, 5.0, 5.0, 5.0, 5.0, 5.0, 5.0
parameter ends

state | action | reward
[0.05] | 0 | 1.0
0.04539170861244202 | 0 | 1.0
0.04055304825305939 | 0 | 1.0
0.03181746229529381 | 0 | 1.0
0.019183097407221794 | 0 | 1.0
0.002646596170961857 | 0 | 1.0
-0.017796548083424568 | 0 | 1.0
-0.04215142875909805 | 0 | 1.0
-0.07042292505502701 | 0 | 1.0
-0.10261467099189758 | 0 | 1.0
Total reward: 10.0
5.0, 5.0, 5.0, 5.0, 5.0, 5.0, 5.0, 5.0, 5.0, 5.0
parameter ends

state | action | reward
[-0.01] | 0 | 1.0
-0.006982370279729366 | 0 | 1.0
-0.010117999278008938 | 0 | 1.0
-0.017143256962299347 | 0 | 1.0
-0.02805987559258938 | 0 | 1.0
-0.042871247977018356 | 0 | 1.0
-0.06158212944865227 | 0 | 1.0
-0.08419814705848694 | 0 | 1.0
-0.11072512716054916 | 0 | 1.0
-0.14116814732551575 | 0 | 1.0
Total reward: 10.0
5.0, 5.0, 5.0, 5.0, 5.0, 5.0, 5.0, 5.0, 5.0, 5.0
parameter ends

state | action | reward
[-0.05] | 0 | 1.0
-0.04454324021935463 | 0 | 1.0
-0.04797906056046486 | 0 | 1.0
-0.05532759428024292 | 0 | 1.0
-0.0665900781750679 | 0 | 1.0
-0.0817689299583435 | 0 | 1.0
-0.1008673831820488 | 0 | 1.0
-0.1238887757062912 | 0 | 1.0
-0.15083566308021545 | 0 | 1.0
Total reward: 9.0
