5.3, 5.3, 5.3, 5.3, 5.3, 5.3, 5.3, 5.3, 5.3, 5.3
parameter ends

state | action | reward
[0.01] | 0 | 1.0
0.014281421899795532 | 0 | 1.0
0.01087992638349533 | 0 | 1.0
0.003586864797398448 | 0 | 1.0
-0.007599683478474617 | 0 | 1.0
-0.022683244198560715 | 0 | 1.0
-0.0416686087846756 | 0 | 1.0
-0.06456133723258972 | 0 | 1.0
-0.09136699140071869 | 0 | 1.0
-0.12209020555019379 | 0 | 1.0
Total reward: 10.0
5.3, 5.3, 5.3, 5.3, 5.3, 5.3, 5.3, 5.3, 5.3, 5.3
parameter ends

state | action | reward
[0.02] | 0 | 1.0
0.02345113456249237 | 0 | 1.0
0.01985701359808445 | 0 | 1.0
0.012351897545158863 | 0 | 1.0
0.0009345666621811688 | 0 | 1.0
-0.01439746469259262 | 0 | 1.0
-0.03364753723144531 | 0 | 1.0
-0.05681922659277916 | 0 | 1.0
-0.08391542732715607 | 0 | 1.0
Total reward: 9.0
5.3, 5.3, 5.3, 5.3, 5.3, 5.3, 5.3, 5.3, 5.3, 5.3
parameter ends

state | action | reward
[0.04] | 0 | 1.0
0.036757517606019974 | 0 | 1.0
0.03304322808980942 | 0 | 1.0
0.025428708642721176 | 0 | 1.0
0.013912266120314598 | 0 | 1.0
-0.0015092623652890325 | 0 | 1.0
-0.020840125158429146 | 0 | 1.0
-0.04408508166670799 | 0 | 1.0
-0.07124859094619751 | 0 | 1.0
-0.10233371704816818 | 0 | 1.0
Total reward: 10.0
5.3, 5.3, 5.3, 5.3, 5.3, 5.3, 5.3, 5.3, 5.3, 5.3
parameter ends

state | action | reward
[0.01] | 0 | 1.0
0.004858813248574734 | 0 | 1.0
0.00019741787400562316 | 0 | 1.0
-0.008370853029191494 | 0 | 1.0
-0.020847618579864502 | 0 | 1.0
-0.0372358001768589 | 0 | 1.0
-0.0575392059981823 | 0 | 1.0
-0.08176187425851822 | 0 | 1.0
-0.10990720242261887 | 0 | 1.0
Total reward: 9.0
5.3, 5.3, 5.3, 5.3, 5.3, 5.3, 5.3, 5.3, 5.3, 5.3
parameter ends

state | action | reward
[-0.04] | 0 | 1.0
-0.036380231380462646 | 0 | 1.0
-0.04007534310221672 | 0 | 1.0
-0.04766000062227249 | 0 | 1.0
-0.0591357946395874 | 0 | 1.0
-0.0745059996843338 | 0 | 1.0
-0.09377526491880417 | 0 | 1.0
-0.1169491857290268 | 0 | 1.0
-0.14403359591960907 | 0 | 1.0
-0.17503368854522705 | 0 | 1.0
-0.20995280146598816 | 0 | 1.0
Total reward: 11.0
5.3, 5.3, 5.3, 5.3, 5.3, 5.3, 5.3, 5.3, 5.3, 5.3
parameter ends

state | action | reward
[-0.01] | 0 | 1.0
-0.01060735248029232 | 0 | 1.0
-0.014509707689285278 | 0 | 1.0
-0.02231195755302906 | 0 | 1.0
-0.034015920013189316 | 0 | 1.0
-0.049624860286712646 | 0 | 1.0
-0.06914311647415161 | 0 | 1.0
-0.09257549047470093 | 0 | 1.0
-0.11992643773555756 | 0 | 1.0
-0.15119896829128265 | 0 | 1.0
Total reward: 10.0
5.3, 5.3, 5.3, 5.3, 5.3, 5.3, 5.3, 5.3, 5.3, 5.3
parameter ends

state | action | reward
[0.] | 0 | 1.0
0.004024783615022898 | 0 | 1.0
-0.0006738994270563126 | 0 | 1.0
-0.009273900650441647 | 0 | 1.0
-0.021776629611849785 | 0 | 1.0
-0.03818497806787491 | 0 | 1.0
-0.05850296840071678 | 0 | 1.0
-0.08273521810770035 | 0 | 1.0
-0.11088613420724869 | 0 | 1.0
-0.142958864569664 | 0 | 1.0
Total reward: 10.0
5.3, 5.3, 5.3, 5.3, 5.3, 5.3, 5.3, 5.3, 5.3, 5.3
parameter ends

state | action | reward
[0.] | 0 | 1.0
0.0009632842848077416 | 0 | 1.0
-0.003661239519715309 | 0 | 1.0
-0.012179691344499588 | 0 | 1.0
-0.024594057351350784 | 0 | 1.0
-0.040907882153987885 | 0 | 1.0
-0.06112589314579964 | 0 | 1.0
-0.08525347709655762 | 0 | 1.0
-0.11329588294029236 | 0 | 1.0
-0.14525723457336426 | 0 | 1.0
Total reward: 10.0
5.3, 5.3, 5.3, 5.3, 5.3, 5.3, 5.3, 5.3, 5.3, 5.3
parameter ends

state | action | reward
[0.04] | 0 | 1.0
0.03708009421825409 | 0 | 1.0
0.032483506947755814 | 0 | 1.0
0.023992499336600304 | 0 | 1.0
0.011605222709476948 | 0 | 1.0
-0.004681732971221209 | 0 | 1.0
-0.02487299218773842 | 0 | 1.0
-0.04897385835647583 | 0 | 1.0
-0.0769895613193512 | 0 | 1.0
-0.10892423987388611 | 0 | 1.0
Total reward: 10.0
5.3, 5.3, 5.3, 5.3, 5.3, 5.3, 5.3, 5.3, 5.3, 5.3
parameter ends

state | action | reward
[0.01] | 0 | 1.0
0.012267151847481728 | 0 | 1.0
0.007536507677286863 | 0 | 1.0
-0.0011019022203981876 | 0 | 1.0
-0.013649716973304749 | 0 | 1.0
-0.030109848827123642 | 0 | 1.0
-0.05048605054616928 | 0 | 1.0
-0.07478225976228714 | 0 | 1.0
-0.1030016764998436 | 0 | 1.0
Total reward: 9.0
5.3, 5.3, 5.3, 5.3, 5.3, 5.3, 5.3, 5.3, 5.3, 5.3
parameter ends

state | action | reward
[0.] | 0 | 1.0
0.005627789068967104 | 0 | 1.0
0.002448278246447444 | 0 | 1.0
-0.00463896756991744 | 0 | 1.0
-0.01563527062535286 | 0 | 1.0
-0.030543295666575432 | 0 | 1.0
-0.049366649240255356 | 0 | 1.0
-0.07210928201675415 | 0 | 1.0
-0.09877462685108185 | 0 | 1.0
Total reward: 9.0
5.3, 5.3, 5.3, 5.3, 5.3, 5.3, 5.3, 5.3, 5.3, 5.3
parameter ends

state | action | reward
[0.01] | 0 | 1.0
0.0132095692679286 | 0 | 1.0
0.009818073362112045 | 0 | 1.0
0.0025313985534012318 | 0 | 1.0
-0.008652161806821823 | 0 | 1.0
-0.023735882714390755 | 0 | 1.0
-0.04272426664829254 | 0 | 1.0
-0.06562252342700958 | 0 | 1.0
-0.0924358069896698 | 0 | 1.0
-0.12316824495792389 | 0 | 1.0
Total reward: 10.0
5.3, 5.3, 5.3, 5.3, 5.3, 5.3, 5.3, 5.3, 5.3, 5.3
parameter ends

state | action | reward
[-0.01] | 0 | 1.0
-0.009401023387908936 | 0 | 1.0
-0.014155684970319271 | 0 | 1.0
-0.022802017629146576 | 0 | 1.0
-0.035341594368219376 | 0 | 1.0
-0.051777634769678116 | 0 | 1.0
-0.07211469858884811 | 0 | 1.0
-0.09635823220014572 | 0 | 1.0
-0.12451382726430893 | 0 | 1.0
-0.15658634901046753 | 0 | 1.0
Total reward: 10.0
5.3, 5.3, 5.3, 5.3, 5.3, 5.3, 5.3, 5.3, 5.3, 5.3
parameter ends

state | action | reward
[-0.03] | 0 | 1.0
-0.025783276185393333 | 0 | 1.0
-0.02952432632446289 | 0 | 1.0
-0.03716690093278885 | 0 | 1.0
-0.04871256276965141 | 0 | 1.0
-0.06416433304548264 | 0 | 1.0
-0.08352631330490112 | 0 | 1.0
-0.10680312663316727 | 0 | 1.0
-0.1339990794658661 | 0 | 1.0
-0.16511711478233337 | 0 | 1.0
Total reward: 10.0
5.3, 5.3, 5.3, 5.3, 5.3, 5.3, 5.3, 5.3, 5.3, 5.3
parameter ends

state | action | reward
[0.05] | 0 | 1.0
0.0474601686000824 | 0 | 1.0
0.04284423217177391 | 0 | 1.0
0.034322623163461685 | 0 | 1.0
0.021893784403800964 | 0 | 1.0
0.005554800387471914 | 0 | 1.0
-0.014698181301355362 | 0 | 1.0
-0.03886934369802475 | 0 | 1.0
-0.066962331533432 | 0 | 1.0
Total reward: 9.0
5.3, 5.3, 5.3, 5.3, 5.3, 5.3, 5.3, 5.3, 5.3, 5.3
parameter ends

state | action | reward
[-0.01] | 0 | 1.0
-0.015541545115411282 | 0 | 1.0
-0.020015371963381767 | 0 | 1.0
-0.028381334617733955 | 0 | 1.0
-0.04064098373055458 | 0 | 1.0
-0.056797515600919724 | 0 | 1.0
-0.07685546576976776 | 0 | 1.0
-0.10082022845745087 | 0 | 1.0
-0.12869735062122345 | 0 | 1.0
-0.16049164533615112 | 0 | 1.0
Total reward: 10.0
5.3, 5.3, 5.3, 5.3, 5.3, 5.3, 5.3, 5.3, 5.3, 5.3
parameter ends

state | action | reward
[0.] | 0 | 1.0
0.0013330046785995364 | 0 | 1.0
-0.0027916845865547657 | 0 | 1.0
-0.010823849588632584 | 0 | 1.0
-0.022764788940548897 | 0 | 1.0
-0.038617148995399475 | 0 | 1.0
-0.058384548872709274 | 0 | 1.0
-0.0820709615945816 | 0 | 1.0
-0.10967987775802612 | 0 | 1.0
Total reward: 9.0
5.3, 5.3, 5.3, 5.3, 5.3, 5.3, 5.3, 5.3, 5.3, 5.3
parameter ends

state | action | reward
[-0.02] | 0 | 1.0
-0.018727019429206848 | 0 | 1.0
-0.02168145403265953 | 0 | 1.0
-0.028546610847115517 | 0 | 1.0
-0.039323702454566956 | 0 | 1.0
-0.05401521921157837 | 0 | 1.0
-0.07262451201677322 | 0 | 1.0
-0.09515518695116043 | 0 | 1.0
-0.12161020934581757 | 0 | 1.0
Total reward: 9.0
5.3, 5.3, 5.3, 5.3, 5.3, 5.3, 5.3, 5.3, 5.3, 5.3
parameter ends

state | action | reward
[0.03] | 0 | 1.0
0.03236572444438934 | 0 | 1.0
0.028465241193771362 | 0 | 1.0
0.02066054753959179 | 0 | 1.0
0.008950215764343739 | 0 | 1.0
-0.0066685969941318035 | 0 | 1.0
-0.026199769228696823 | 0 | 1.0
-0.049647632986307144 | 0 | 1.0
-0.07701614499092102 | 0 | 1.0
Total reward: 9.0
5.3, 5.3, 5.3, 5.3, 5.3, 5.3, 5.3, 5.3, 5.3, 5.3
parameter ends

state | action | reward
[0.04] | 0 | 1.0
0.03578590229153633 | 0 | 1.0
0.03167290613055229 | 0 | 1.0
0.02365964651107788 | 0 | 1.0
0.011744529008865356 | 0 | 1.0
-0.004075523465871811 | 0 | 1.0
-0.02380470000207424 | 0 | 1.0
-0.04744774103164673 | 0 | 1.0
-0.07500913739204407 | 0 | 1.0
-0.1064920723438263 | 0 | 1.0
Total reward: 10.0
