5.3, 5.3, 5.3, 5.3, 5.3, 5.3, 5.3, 5.3, 5.3, 5.3
parameter ends

state | action | reward
[0.04] | 0 | 1.0
0.042569782584905624 | 0 | 1.0
0.03863745182752609 | 0 | 1.0
0.03081332892179489 | 0 | 1.0
0.0190956462174654 | 0 | 1.0
0.0034810053184628487 | 0 | 1.0
-0.0160352885723114 | 0 | 1.0
-0.03945872187614441 | 0 | 1.0
-0.06679487228393555 | 0 | 1.0
-0.09804842621088028 | 0 | 1.0
Total reward: 10.0
5.3, 5.3, 5.3, 5.3, 5.3, 5.3, 5.3, 5.3, 5.3, 5.3
parameter ends

state | action | reward
[0.04] | 0 | 1.0
0.03734870254993439 | 0 | 1.0
0.03321079537272453 | 0 | 1.0
0.025162426754832268 | 0 | 1.0
0.013202225789427757 | 0 | 1.0
-0.002672431292012334 | 0 | 1.0
-0.022464992478489876 | 0 | 1.0
-0.04617907479405403 | 0 | 1.0
-0.07381756603717804 | 0 | 1.0
Total reward: 9.0
5.3, 5.3, 5.3, 5.3, 5.3, 5.3, 5.3, 5.3, 5.3, 5.3
parameter ends

state | action | reward
[-0.04] | 0 | 1.0
-0.03766605630517006 | 0 | 1.0
-0.04228588566184044 | 0 | 1.0
-0.05079813301563263 | 0 | 1.0
-0.06320486217737198 | 0 | 1.0
-0.07950972765684128 | 0 | 1.0
-0.09971757233142853 | 0 | 1.0
-0.12383392453193665 | 0 | 1.0
-0.15186423063278198 | 0 | 1.0
-0.18381279706954956 | 0 | 1.0
Total reward: 10.0
5.3, 5.3, 5.3, 5.3, 5.3, 5.3, 5.3, 5.3, 5.3, 5.3
parameter ends

state | action | reward
[0.01] | 0 | 1.0
0.005121998023241758 | 0 | 1.0
0.0008408482535742223 | 0 | 1.0
-0.007343493402004242 | 0 | 1.0
-0.01943281665444374 | 0 | 1.0
-0.035430289804935455 | 0 | 1.0
-0.055340033024549484 | 0 | 1.0
-0.07916651666164398 | 0 | 1.0
-0.10691367089748383 | 0 | 1.0
Total reward: 9.0
5.3, 5.3, 5.3, 5.3, 5.3, 5.3, 5.3, 5.3, 5.3, 5.3
parameter ends

state | action | reward
[-0.04] | 0 | 1.0
-0.03616395592689514 | 0 | 1.0
-0.03913115710020065 | 0 | 1.0
-0.04601087421178818 | 0 | 1.0
-0.05680451542139053 | 0 | 1.0
-0.07151467353105545 | 0 | 1.0
-0.09014464914798737 | 0 | 1.0
-0.1126977875828743 | 0 | 1.0
Total reward: 8.0
5.3, 5.3, 5.3, 5.3, 5.3, 5.3, 5.3, 5.3, 5.3, 5.3
parameter ends

state | action | reward
[-0.01] | 0 | 1.0
-0.012479860335588455 | 0 | 1.0
-0.016051746904850006 | 0 | 1.0
-0.023516006767749786 | 0 | 1.0
-0.03487434238195419 | 0 | 1.0
-0.05013006925582886 | 0 | 1.0
-0.06928781419992447 | 0 | 1.0
-0.0923529863357544 | 0 | 1.0
-0.11933112144470215 | 0 | 1.0
-0.15022684633731842 | 0 | 1.0
Total reward: 10.0
5.3, 5.3, 5.3, 5.3, 5.3, 5.3, 5.3, 5.3, 5.3, 5.3
parameter ends

state | action | reward
[0.04] | 0 | 1.0
0.04132547229528427 | 0 | 1.0
0.03644530847668648 | 0 | 1.0
0.027655674144625664 | 0 | 1.0
0.014954899437725544 | 0 | 1.0
-0.0016598936636000872 | 0 | 1.0
-0.022192344069480896 | 0 | 1.0
-0.04664616286754608 | 0 | 1.0
-0.07502418011426926 | 0 | 1.0
Total reward: 9.0
5.3, 5.3, 5.3, 5.3, 5.3, 5.3, 5.3, 5.3, 5.3, 5.3
parameter ends

state | action | reward
[-0.03] | 0 | 1.0
-0.03414022549986839 | 0 | 1.0
-0.03839946165680885 | 0 | 1.0
-0.046559929847717285 | 0 | 1.0
-0.058623090386390686 | 0 | 1.0
-0.07459188997745514 | 0 | 1.0
-0.09447038173675537 | 0 | 1.0
-0.11826319992542267 | 0 | 1.0
-0.14597474038600922 | 0 | 1.0
-0.17760811746120453 | 0 | 1.0
Total reward: 10.0
5.3, 5.3, 5.3, 5.3, 5.3, 5.3, 5.3, 5.3, 5.3, 5.3
parameter ends

state | action | reward
[-0.01] | 0 | 1.0
-0.01208802592009306 | 0 | 1.0
-0.016038864850997925 | 0 | 1.0
-0.02389018051326275 | 0 | 1.0
-0.035643648356199265 | 0 | 1.0
-0.05130241438746452 | 0 | 1.0
-0.07087069749832153 | 0 | 1.0
-0.09435324370861053 | 0 | 1.0
-0.1217544674873352 | 0 | 1.0
-0.1530774086713791 | 0 | 1.0
Total reward: 10.0
5.3, 5.3, 5.3, 5.3, 5.3, 5.3, 5.3, 5.3, 5.3, 5.3
parameter ends

state | action | reward
[-0.02] | 0 | 1.0
-0.019385848194360733 | 0 | 1.0
-0.02425176277756691 | 0 | 1.0
-0.033023200929164886 | 0 | 1.0
-0.045701783150434494 | 0 | 1.0
-0.062290482223033905 | 0 | 1.0
-0.08279319107532501 | 0 | 1.0
-0.10721412301063538 | 0 | 1.0
-0.1355568915605545 | 0 | 1.0
Total reward: 9.0
5.3, 5.3, 5.3, 5.3, 5.3, 5.3, 5.3, 5.3, 5.3, 5.3
parameter ends

state | action | reward
[-0.04] | 0 | 1.0
-0.03441474586725235 | 0 | 1.0
-0.03746781870722771 | 0 | 1.0
-0.04442983865737915 | 0 | 1.0
-0.05530223622918129 | 0 | 1.0
-0.070087730884552 | 0 | 1.0
-0.08878990262746811 | 0 | 1.0
-0.11141256242990494 | 0 | 1.0
-0.137958824634552 | 0 | 1.0
Total reward: 9.0
5.3, 5.3, 5.3, 5.3, 5.3, 5.3, 5.3, 5.3, 5.3, 5.3
parameter ends

state | action | reward
[0.] | 0 | 1.0
0.004519115202128887 | 0 | 1.0
0.0007867980166338384 | 0 | 1.0
-0.006844294257462025 | 0 | 1.0
-0.018375732004642487 | 0 | 1.0
-0.03381060063838959 | 0 | 1.0
-0.053153153508901596 | 0 | 1.0
-0.0764082595705986 | 0 | 1.0
-0.10358063876628876 | 0 | 1.0
-0.1346738040447235 | 0 | 1.0
Total reward: 10.0
5.3, 5.3, 5.3, 5.3, 5.3, 5.3, 5.3, 5.3, 5.3, 5.3
parameter ends

state | action | reward
[-0.02] | 0 | 1.0
-0.02144865319132805 | 0 | 1.0
-0.025337638333439827 | 0 | 1.0
-0.033128634095191956 | 0 | 1.0
-0.044823057949543 | 0 | 1.0
-0.060423798859119415 | 0 | 1.0
-0.07993485033512115 | 0 | 1.0
-0.10336076468229294 | 0 | 1.0
-0.1307058334350586 | 0 | 1.0
-0.16197307407855988 | 0 | 1.0
Total reward: 10.0
5.3, 5.3, 5.3, 5.3, 5.3, 5.3, 5.3, 5.3, 5.3, 5.3
parameter ends

state | action | reward
[0.01] | 0 | 1.0
0.012949722819030285 | 0 | 1.0
0.009377887472510338 | 0 | 1.0
0.0018933629617094994 | 0 | 1.0
-0.009505205787718296 | 0 | 1.0
-0.0248203556984663 | 0 | 1.0
-0.04405536130070686 | 0 | 1.0
-0.06721354275941849 | 0 | 1.0
Total reward: 8.0
5.3, 5.3, 5.3, 5.3, 5.3, 5.3, 5.3, 5.3, 5.3, 5.3
parameter ends

state | action | reward
[-0.] | 0 | 1.0
-0.000847353192511946 | 0 | 1.0
-0.003860491095110774 | 0 | 1.0
-0.010761488229036331 | 0 | 1.0
-0.02155228517949581 | 0 | 1.0
-0.0362364836037159 | 0 | 1.0
-0.05481904372572899 | 0 | 1.0
-0.07730578631162643 | 0 | 1.0
-0.10370272397994995 | 0 | 1.0
-0.13401509821414948 | 0 | 1.0
-0.16824616491794586 | 0 | 1.0
Total reward: 11.0
5.3, 5.3, 5.3, 5.3, 5.3, 5.3, 5.3, 5.3, 5.3, 5.3
parameter ends

state | action | reward
[0.04] | 0 | 1.0
0.042429596185684204 | 0 | 1.0
0.03791438043117523 | 0 | 1.0
0.029484955593943596 | 0 | 1.0
0.01714007556438446 | 0 | 1.0
0.0008773442241363227 | 0 | 1.0
-0.019306350499391556 | 0 | 1.0
-0.043414145708084106 | 0 | 1.0
Total reward: 8.0
5.3, 5.3, 5.3, 5.3, 5.3, 5.3, 5.3, 5.3, 5.3, 5.3
parameter ends

state | action | reward
[-0.03] | 0 | 1.0
-0.031145229935646057 | 0 | 1.0
-0.03519264608621597 | 0 | 1.0
-0.04314180463552475 | 0 | 1.0
-0.0549946092069149 | 0 | 1.0
-0.07075434923171997 | 0 | 1.0
-0.0904252827167511 | 0 | 1.0
-0.11401204764842987 | 0 | 1.0
-0.1415187567472458 | 0 | 1.0
Total reward: 9.0
5.3, 5.3, 5.3, 5.3, 5.3, 5.3, 5.3, 5.3, 5.3, 5.3
parameter ends

state | action | reward
[0.] | 0 | 1.0
0.005145983770489693 | 0 | 1.0
0.0015696710906922817 | 0 | 1.0
-0.005907571874558926 | 0 | 1.0
-0.01728752814233303 | 0 | 1.0
-0.032573409378528595 | 0 | 1.0
-0.051769472658634186 | 0 | 1.0
-0.07488042116165161 | 0 | 1.0
-0.1019105613231659 | 0 | 1.0
Total reward: 9.0
5.3, 5.3, 5.3, 5.3, 5.3, 5.3, 5.3, 5.3, 5.3, 5.3
parameter ends

state | action | reward
[-0.02] | 0 | 1.0
-0.021914852783083916 | 0 | 1.0
-0.026774592697620392 | 0 | 1.0
-0.03554283827543259 | 0 | 1.0
-0.04822096973657608 | 0 | 1.0
-0.06481168419122696 | 0 | 1.0
-0.08531855791807175 | 0 | 1.0
-0.10974545776844025 | 0 | 1.0
-0.13809563219547272 | 0 | 1.0
Total reward: 9.0
5.3, 5.3, 5.3, 5.3, 5.3, 5.3, 5.3, 5.3, 5.3, 5.3
parameter ends

state | action | reward
[0.02] | 0 | 1.0
0.023692412301898003 | 0 | 1.0
0.02040959522128105 | 0 | 1.0
0.01321976725012064 | 0 | 1.0
0.0021215789020061493 | 0 | 1.0
-0.012887676246464252 | 0 | 1.0
-0.0318116657435894 | 0 | 1.0
-0.054654426872730255 | 0 | 1.0
-0.08141949027776718 | 0 | 1.0
Total reward: 9.0
