5.1, 5.1, 5.1, 5.1, 5.1, 5.1, 5.1, 5.1, 5.1, 5.1
parameter ends

state | action | reward
[0.03] | 0 | 1.0
0.02953091450035572 | 0 | 1.0
0.02514767460525036 | 0 | 1.0
0.016852496191859245 | 0 | 1.0
0.004643866792321205 | 0 | 1.0
-0.01148089300841093 | 0 | 1.0
-0.03152517229318619 | 0 | 1.0
-0.05549236759543419 | 0 | 1.0
Total reward: 8.0
5.1, 5.1, 5.1, 5.1, 5.1, 5.1, 5.1, 5.1, 5.1, 5.1
parameter ends

state | action | reward
[-0.04] | 0 | 1.0
-0.037558745592832565 | 0 | 1.0
-0.042393285781145096 | 0 | 1.0
-0.05112502723932266 | 0 | 1.0
-0.06375543773174286 | 0 | 1.0
-0.08028754591941833 | 0 | 1.0
-0.10072562098503113 | 0 | 1.0
-0.12507463991641998 | 0 | 1.0
-0.15333954989910126 | 0 | 1.0
-0.18552431464195251 | 0 | 1.0
Total reward: 10.0
5.1, 5.1, 5.1, 5.1, 5.1, 5.1, 5.1, 5.1, 5.1, 5.1
parameter ends

state | action | reward
[0.01] | 0 | 1.0
0.006414083298295736 | 0 | 1.0
0.0024020883720368147 | 0 | 1.0
-0.005516305565834045 | 0 | 1.0
-0.017342785373330116 | 0 | 1.0
-0.03308034688234329 | 0 | 1.0
-0.05273285135626793 | 0 | 1.0
-0.07630440592765808 | 0 | 1.0
-0.10379842668771744 | 0 | 1.0
Total reward: 9.0
5.1, 5.1, 5.1, 5.1, 5.1, 5.1, 5.1, 5.1, 5.1, 5.1
parameter ends

state | action | reward
[0.05] | 0 | 1.0
0.04831594228744507 | 0 | 1.0
0.0446997806429863 | 0 | 1.0
0.037168655544519424 | 0 | 1.0
0.025721440091729164 | 0 | 1.0
0.010355855338275433 | 0 | 1.0
-0.008931105956435204 | 0 | 1.0
-0.032142505049705505 | 0 | 1.0
Total reward: 8.0
5.1, 5.1, 5.1, 5.1, 5.1, 5.1, 5.1, 5.1, 5.1, 5.1
parameter ends

state | action | reward
[0.04] | 0 | 1.0
0.035565685480833054 | 0 | 1.0
0.03085516206920147 | 0 | 1.0
0.02222953923046589 | 0 | 1.0
0.009687427431344986 | 0 | 1.0
-0.0067736487835645676 | 0 | 1.0
-0.0271567702293396 | 0 | 1.0
-0.05146490037441254 | 0 | 1.0
Total reward: 8.0
5.1, 5.1, 5.1, 5.1, 5.1, 5.1, 5.1, 5.1, 5.1, 5.1
parameter ends

state | action | reward
[0.02] | 0 | 1.0
0.02547665312886238 | 0 | 1.0
0.022456016391515732 | 0 | 1.0
0.015527976676821709 | 0 | 1.0
0.0046912264078855515 | 0 | 1.0
-0.010056893341243267 | 0 | 1.0
-0.028720006346702576 | 0 | 1.0
-0.051302097737789154 | 0 | 1.0
-0.07780666649341583 | 0 | 1.0
Total reward: 9.0
5.1, 5.1, 5.1, 5.1, 5.1, 5.1, 5.1, 5.1, 5.1, 5.1
parameter ends

state | action | reward
[0.03] | 0 | 1.0
0.03473636135458946 | 0 | 1.0
0.031321026384830475 | 0 | 1.0
0.02401406690478325 | 0 | 1.0
0.012813650071620941 | 0 | 1.0
-0.002283675828948617 | 0 | 1.0
-0.021282648667693138 | 0 | 1.0
-0.044188786298036575 | 0 | 1.0
-0.07100767642259598 | 0 | 1.0
-0.10174398124217987 | 0 | 1.0
Total reward: 10.0
5.1, 5.1, 5.1, 5.1, 5.1, 5.1, 5.1, 5.1, 5.1, 5.1
parameter ends

state | action | reward
[0.03] | 0 | 1.0
0.027871733531355858 | 0 | 1.0
0.024301329627633095 | 0 | 1.0
0.016831977292895317 | 0 | 1.0
0.0054617999121546745 | 0 | 1.0
-0.009812542237341404 | 0 | 1.0
-0.028995465487241745 | 0 | 1.0
-0.05209187790751457 | 0 | 1.0
-0.07910636067390442 | 0 | 1.0
-0.11004205793142319 | 0 | 1.0
Total reward: 10.0
5.1, 5.1, 5.1, 5.1, 5.1, 5.1, 5.1, 5.1, 5.1, 5.1
parameter ends

state | action | reward
[-0.02] | 0 | 1.0
-0.014968084171414375 | 0 | 1.0
-0.018065044656395912 | 0 | 1.0
-0.025068508461117744 | 0 | 1.0
-0.03597981110215187 | 0 | 1.0
-0.050801657140254974 | 0 | 1.0
-0.06953774392604828 | 0 | 1.0
-0.0921921581029892 | 0 | 1.0
-0.11876852810382843 | 0 | 1.0
Total reward: 9.0
5.1, 5.1, 5.1, 5.1, 5.1, 5.1, 5.1, 5.1, 5.1, 5.1
parameter ends

state | action | reward
[-0.04] | 0 | 1.0
-0.045661937445402145 | 0 | 1.0
-0.050350576639175415 | 0 | 1.0
-0.05893740803003311 | 0 | 1.0
-0.07142426818609238 | 0 | 1.0
-0.08781448751688004 | 0 | 1.0
-0.10811249166727066 | 0 | 1.0
-0.1323232650756836 | 0 | 1.0
-0.1604515165090561 | 0 | 1.0
-0.19250059127807617 | 0 | 1.0
Total reward: 10.0
5.1, 5.1, 5.1, 5.1, 5.1, 5.1, 5.1, 5.1, 5.1, 5.1
parameter ends

state | action | reward
[-0.01] | 0 | 1.0
-0.011301498860120773 | 0 | 1.0
-0.01432755496352911 | 0 | 1.0
-0.021250208839774132 | 0 | 1.0
-0.03207136318087578 | 0 | 1.0
-0.046794429421424866 | 0 | 1.0
-0.06542395800352097 | 0 | 1.0
-0.08796507865190506 | 0 | 1.0
-0.11442271620035172 | 0 | 1.0
-0.14480049908161163 | 0 | 1.0
Total reward: 10.0
5.1, 5.1, 5.1, 5.1, 5.1, 5.1, 5.1, 5.1, 5.1, 5.1
parameter ends

state | action | reward
[0.01] | 0 | 1.0
0.014655258506536484 | 0 | 1.0
0.010612829588353634 | 0 | 1.0
0.00268079643137753 | 0 | 1.0
-0.009142410941421986 | 0 | 1.0
-0.024860043078660965 | 0 | 1.0
-0.044476743787527084 | 0 | 1.0
-0.06799808144569397 | 0 | 1.0
-0.09542989730834961 | 0 | 1.0
-0.12677738070487976 | 0 | 1.0
-0.16204389929771423 | 0 | 1.0
Total reward: 11.0
5.1, 5.1, 5.1, 5.1, 5.1, 5.1, 5.1, 5.1, 5.1, 5.1
parameter ends

state | action | reward
[-0.03] | 0 | 1.0
-0.03278346732258797 | 0 | 1.0
-0.03625311702489853 | 0 | 1.0
-0.04363654553890228 | 0 | 1.0
-0.05493497848510742 | 0 | 1.0
-0.07015082240104675 | 0 | 1.0
-0.08928720653057098 | 0 | 1.0
-0.11234735697507858 | 0 | 1.0
Total reward: 8.0
5.1, 5.1, 5.1, 5.1, 5.1, 5.1, 5.1, 5.1, 5.1, 5.1
parameter ends

state | action | reward
[-0.04] | 0 | 1.0
-0.04522363469004631 | 0 | 1.0
-0.04994943365454674 | 0 | 1.0
-0.05858536437153816 | 0 | 1.0
-0.07113268971443176 | 0 | 1.0
-0.08759395778179169 | 0 | 1.0
-0.10797259956598282 | 0 | 1.0
-0.13227227330207825 | 0 | 1.0
-0.16049602627754211 | 0 | 1.0
Total reward: 9.0
5.1, 5.1, 5.1, 5.1, 5.1, 5.1, 5.1, 5.1, 5.1, 5.1
parameter ends

state | action | reward
[-0.03] | 0 | 1.0
-0.02820451185107231 | 0 | 1.0
-0.03273366764187813 | 0 | 1.0
-0.0411558598279953 | 0 | 1.0
-0.05347282066941261 | 0 | 1.0
-0.06968789547681808 | 0 | 1.0
-0.0898057073354721 | 0 | 1.0
-0.11383163183927536 | 0 | 1.0
-0.1417711079120636 | 0 | 1.0
-0.17362861335277557 | 0 | 1.0
Total reward: 10.0
5.1, 5.1, 5.1, 5.1, 5.1, 5.1, 5.1, 5.1, 5.1, 5.1
parameter ends

state | action | reward
[-0.02] | 0 | 1.0
-0.02177666313946247 | 0 | 1.0
-0.024844765663146973 | 0 | 1.0
-0.03180991858243942 | 0 | 1.0
-0.042673833668231964 | 0 | 1.0
-0.057439740747213364 | 0 | 1.0
-0.0761120617389679 | 0 | 1.0
-0.09869583696126938 | 0 | 1.0
-0.12519599497318268 | 0 | 1.0
-0.15561626851558685 | 0 | 1.0
Total reward: 10.0
5.1, 5.1, 5.1, 5.1, 5.1, 5.1, 5.1, 5.1, 5.1, 5.1
parameter ends

state | action | reward
[-0.05] | 0 | 1.0
-0.047084201127290726 | 0 | 1.0
-0.050419554114341736 | 0 | 1.0
-0.057646408677101135 | 0 | 1.0
-0.06876654922962189 | 0 | 1.0
-0.08378337323665619 | 0 | 1.0
-0.1027015820145607 | 0 | 1.0
-0.12552668154239655 | 0 | 1.0
-0.1522642970085144 | 0 | 1.0
-0.18291914463043213 | 0 | 1.0
Total reward: 10.0
5.1, 5.1, 5.1, 5.1, 5.1, 5.1, 5.1, 5.1, 5.1, 5.1
parameter ends

state | action | reward
[0.01] | 0 | 1.0
0.013041719794273376 | 0 | 1.0
0.009100005030632019 | 0 | 1.0
0.0012450487120077014 | 0 | 1.0
-0.010524334385991096 | 0 | 1.0
-0.02621053159236908 | 0 | 1.0
-0.045816708356142044 | 0 | 1.0
-0.06934614479541779 | 0 | 1.0
-0.09680133312940598 | 0 | 1.0
Total reward: 9.0
5.1, 5.1, 5.1, 5.1, 5.1, 5.1, 5.1, 5.1, 5.1, 5.1
parameter ends

state | action | reward
[0.01] | 0 | 1.0
0.012673073448240757 | 0 | 1.0
0.009516078047454357 | 0 | 1.0
0.0024581763427704573 | 0 | 1.0
-0.00850243866443634 | 0 | 1.0
-0.02336900122463703 | 0 | 1.0
-0.042145777493715286 | 0 | 1.0
-0.06483747810125351 | 0 | 1.0
-0.09144840389490128 | 0 | 1.0
Total reward: 9.0
5.1, 5.1, 5.1, 5.1, 5.1, 5.1, 5.1, 5.1, 5.1, 5.1
parameter ends

state | action | reward
[0.01] | 0 | 1.0
0.004535860847681761 | 0 | 1.0
-0.00023561876150779426 | 0 | 1.0
-0.00891450047492981 | 0 | 1.0
-0.021502390503883362 | 0 | 1.0
-0.03800218552350998 | 0 | 1.0
-0.058417655527591705 | 0 | 1.0
-0.0827527716755867 | 0 | 1.0
-0.11101084202528 | 0 | 1.0
Total reward: 9.0
