5.0, 5.0, 5.0, 5.0, 5.0, 5.0, 5.0, 5.0, 5.0, 5.0
parameter ends

state | action | reward
[-0.02] | 0 | 1.0
-0.014918102882802486 | 0 | 1.0
-0.01856488361954689 | 0 | 1.0
-0.026122042909264565 | 0 | 1.0
-0.03759119287133217 | 0 | 1.0
-0.052975136786699295 | 0 | 1.0
-0.07227742671966553 | 0 | 1.0
-0.09550165385007858 | 0 | 1.0
-0.12265051901340485 | 0 | 1.0
Total reward: 9.0
5.0, 5.0, 5.0, 5.0, 5.0, 5.0, 5.0, 5.0, 5.0, 5.0
parameter ends

state | action | reward
[-0.03] | 0 | 1.0
-0.030850524082779884 | 0 | 1.0
-0.03567246347665787 | 0 | 1.0
-0.04439140111207962 | 0 | 1.0
-0.05700887367129326 | 0 | 1.0
-0.0735279843211174 | 0 | 1.0
-0.09395305067300797 | 0 | 1.0
-0.11828908324241638 | 0 | 1.0
-0.1465410590171814 | 0 | 1.0
-0.1787128746509552 | 0 | 1.0
Total reward: 10.0
5.0, 5.0, 5.0, 5.0, 5.0, 5.0, 5.0, 5.0, 5.0, 5.0
parameter ends

state | action | reward
[0.02] | 0 | 1.0
0.02070668525993824 | 0 | 1.0
0.015953948721289635 | 0 | 1.0
0.0072962199337780476 | 0 | 1.0
-0.005267814267426729 | 0 | 1.0
-0.021740881726145744 | 0 | 1.0
-0.04212675243616104 | 0 | 1.0
-0.06642967462539673 | 0 | 1.0
-0.09465353190898895 | 0 | 1.0
Total reward: 9.0
5.0, 5.0, 5.0, 5.0, 5.0, 5.0, 5.0, 5.0, 5.0, 5.0
parameter ends

state | action | reward
[0.02] | 0 | 1.0
0.02393914945423603 | 0 | 1.0
0.02045849710702896 | 0 | 1.0
0.013085364364087582 | 0 | 1.0
0.0018181694904342294 | 0 | 1.0
-0.013346301391720772 | 0 | 1.0
-0.032412584871053696 | 0 | 1.0
-0.05538606271147728 | 0 | 1.0
-0.0822722464799881 | 0 | 1.0
-0.113075852394104 | 0 | 1.0
Total reward: 10.0
5.0, 5.0, 5.0, 5.0, 5.0, 5.0, 5.0, 5.0, 5.0, 5.0
parameter ends

state | action | reward
[0.04] | 0 | 1.0
0.04013238847255707 | 0 | 1.0
0.03668596222996712 | 0 | 1.0
0.02934185415506363 | 0 | 1.0
0.018098559230566025 | 0 | 1.0
0.002953031100332737 | 0 | 1.0
-0.0160989910364151 | 0 | 1.0
-0.03906245529651642 | 0 | 1.0
-0.06594224274158478 | 0 | 1.0
-0.0967421755194664 | 0 | 1.0
Total reward: 10.0
5.0, 5.0, 5.0, 5.0, 5.0, 5.0, 5.0, 5.0, 5.0, 5.0
parameter ends

state | action | reward
[-0.05] | 0 | 1.0
-0.04717457294464111 | 0 | 1.0
-0.050493136048316956 | 0 | 1.0
-0.05772668495774269 | 0 | 1.0
-0.06887652724981308 | 0 | 1.0
-0.08394508808851242 | 0 | 1.0
-0.10293542593717575 | 0 | 1.0
-0.12585055828094482 | 0 | 1.0
Total reward: 8.0
5.0, 5.0, 5.0, 5.0, 5.0, 5.0, 5.0, 5.0, 5.0, 5.0
parameter ends

state | action | reward
[0.02] | 0 | 1.0
0.02339405007660389 | 0 | 1.0
0.01877221092581749 | 0 | 1.0
0.010249871760606766 | 0 | 1.0
-0.0021744726691395044 | 0 | 1.0
-0.018503816798329353 | 0 | 1.0
-0.03874228522181511 | 0 | 1.0
-0.06289458274841309 | 0 | 1.0
-0.09096519649028778 | 0 | 1.0
-0.12295735627412796 | 0 | 1.0
Total reward: 10.0
5.0, 5.0, 5.0, 5.0, 5.0, 5.0, 5.0, 5.0, 5.0, 5.0
parameter ends

state | action | reward
[0.03] | 0 | 1.0
0.03489093482494354 | 0 | 1.0
0.03146236389875412 | 0 | 1.0
0.024142641574144363 | 0 | 1.0
0.012930155731737614 | 0 | 1.0
-0.002178366295993328 | 0 | 1.0
-0.021187540143728256 | 0 | 1.0
-0.044102851301431656 | 0 | 1.0
-0.07092996686697006 | 0 | 1.0
-0.10167378932237625 | 0 | 1.0
Total reward: 10.0
5.0, 5.0, 5.0, 5.0, 5.0, 5.0, 5.0, 5.0, 5.0, 5.0
parameter ends

state | action | reward
[-0.01] | 0 | 1.0
-0.010980919934809208 | 0 | 1.0
-0.01543502602726221 | 0 | 1.0
-0.023801930248737335 | 0 | 1.0
-0.036083102226257324 | 0 | 1.0
-0.05228116735816002 | 0 | 1.0
-0.07239942252635956 | 0 | 1.0
-0.09644115716218948 | 0 | 1.0
Total reward: 8.0
5.0, 5.0, 5.0, 5.0, 5.0, 5.0, 5.0, 5.0, 5.0, 5.0
parameter ends

state | action | reward
[0.02] | 0 | 1.0
0.020275365561246872 | 0 | 1.0
0.015640854835510254 | 0 | 1.0
0.0070984638296067715 | 0 | 1.0
-0.005353355780243874 | 0 | 1.0
-0.021717442199587822 | 0 | 1.0
-0.04199749976396561 | 0 | 1.0
-0.0661974549293518 | 0 | 1.0
-0.09432055801153183 | 0 | 1.0
Total reward: 9.0
5.0, 5.0, 5.0, 5.0, 5.0, 5.0, 5.0, 5.0, 5.0, 5.0
parameter ends

state | action | reward
[0.05] | 0 | 1.0
0.050533123314380646 | 0 | 1.0
0.04753148555755615 | 0 | 1.0
0.0406276173889637 | 0 | 1.0
0.029819630086421967 | 0 | 1.0
0.015104252845048904 | 0 | 1.0
-0.00352274626493454 | 0 | 1.0
-0.026065941900014877 | 0 | 1.0
-0.05252937600016594 | 0 | 1.0
Total reward: 9.0
5.0, 5.0, 5.0, 5.0, 5.0, 5.0, 5.0, 5.0, 5.0, 5.0
parameter ends

state | action | reward
[0.] | 0 | 1.0
0.00487204734236002 | 0 | 1.0
0.0009208358242176473 | 0 | 1.0
-0.006936619058251381 | 0 | 1.0
-0.018702037632465363 | 0 | 1.0
-0.03437844663858414 | 0 | 1.0
-0.05396973714232445 | 0 | 1.0
-0.0774800255894661 | 0 | 1.0
-0.10491274297237396 | 0 | 1.0
Total reward: 9.0
5.0, 5.0, 5.0, 5.0, 5.0, 5.0, 5.0, 5.0, 5.0, 5.0
parameter ends

state | action | reward
[-0.04] | 0 | 1.0
-0.03482099622488022 | 0 | 1.0
-0.03805185854434967 | 0 | 1.0
-0.04519210755825043 | 0 | 1.0
-0.05624323710799217 | 0 | 1.0
-0.07120800018310547 | 0 | 1.0
-0.09008996933698654 | 0 | 1.0
-0.11289290338754654 | 0 | 1.0
-0.13961978256702423 | 0 | 1.0
Total reward: 9.0
5.0, 5.0, 5.0, 5.0, 5.0, 5.0, 5.0, 5.0, 5.0, 5.0
parameter ends

state | action | reward
[-0.02] | 0 | 1.0
-0.022598061710596085 | 0 | 1.0
-0.026089325547218323 | 0 | 1.0
-0.033475276082754135 | 0 | 1.0
-0.044757865369319916 | 0 | 1.0
-0.05994058772921562 | 0 | 1.0
-0.07902811467647552 | 0 | 1.0
-0.10202575474977493 | 0 | 1.0
-0.1289386749267578 | 0 | 1.0
-0.15977086126804352 | 0 | 1.0
Total reward: 10.0
5.0, 5.0, 5.0, 5.0, 5.0, 5.0, 5.0, 5.0, 5.0, 5.0
parameter ends

state | action | reward
[0.04] | 0 | 1.0
0.03658996894955635 | 0 | 1.0
0.03353952243924141 | 0 | 1.0
0.02659415826201439 | 0 | 1.0
0.01575191132724285 | 0 | 1.0
0.0010092910379171371 | 0 | 1.0
-0.017638370394706726 | 0 | 1.0
-0.040196359157562256 | 0 | 1.0
-0.06666981428861618 | 0 | 1.0
-0.09706266224384308 | 0 | 1.0
Total reward: 10.0
5.0, 5.0, 5.0, 5.0, 5.0, 5.0, 5.0, 5.0, 5.0, 5.0
parameter ends

state | action | reward
[-0.02] | 0 | 1.0
-0.020177429541945457 | 0 | 1.0
-0.024860884994268417 | 0 | 1.0
-0.0334487222135067 | 0 | 1.0
-0.04594268277287483 | 0 | 1.0
-0.06234586238861084 | 0 | 1.0
-0.08266229182481766 | 0 | 1.0
-0.106896311044693 | 0 | 1.0
-0.1350516527891159 | 0 | 1.0
Total reward: 9.0
5.0, 5.0, 5.0, 5.0, 5.0, 5.0, 5.0, 5.0, 5.0, 5.0
parameter ends

state | action | reward
[-0.04] | 0 | 1.0
-0.03871910274028778 | 0 | 1.0
-0.041762080043554306 | 0 | 1.0
-0.0487186536192894 | 0 | 1.0
-0.05959002673625946 | 0 | 1.0
-0.0743785873055458 | 0 | 1.0
-0.09308748692274094 | 0 | 1.0
-0.11571995168924332 | 0 | 1.0
Total reward: 8.0
5.0, 5.0, 5.0, 5.0, 5.0, 5.0, 5.0, 5.0, 5.0, 5.0
parameter ends

state | action | reward
[0.] | 0 | 1.0
0.0018194714793935418 | 0 | 1.0
-0.0028252217452973127 | 0 | 1.0
-0.01137813925743103 | 0 | 1.0
-0.02384057454764843 | 0 | 1.0
-0.040215153247117996 | 0 | 1.0
-0.06050543487071991 | 0 | 1.0
-0.08471532166004181 | 0 | 1.0
-0.11284816265106201 | 0 | 1.0
Total reward: 9.0
5.0, 5.0, 5.0, 5.0, 5.0, 5.0, 5.0, 5.0, 5.0, 5.0
parameter ends

state | action | reward
[0.03] | 0 | 1.0
0.03266677260398865 | 0 | 1.0
0.0283943023532629 | 0 | 1.0
0.02021118439733982 | 0 | 1.0
0.008115777745842934 | 0 | 1.0
-0.007894732058048248 | 0 | 1.0
-0.027823882177472115 | 0 | 1.0
-0.0516752265393734 | 0 | 1.0
-0.07945136725902557 | 0 | 1.0
Total reward: 9.0
5.0, 5.0, 5.0, 5.0, 5.0, 5.0, 5.0, 5.0, 5.0, 5.0
parameter ends

state | action | reward
[-0.02] | 0 | 1.0
-0.023058153688907623 | 0 | 1.0
-0.027911392971873283 | 0 | 1.0
-0.03665285184979439 | 0 | 1.0
-0.04928448051214218 | 0 | 1.0
-0.06580988317728043 | 0 | 1.0
-0.08623401075601578 | 0 | 1.0
-0.11056265980005264 | 0 | 1.0
-0.13880179822444916 | 0 | 1.0
-0.17095661163330078 | 0 | 1.0
Total reward: 10.0
