5.0, 5.0, 5.0, 5.0, 5.0, 5.0, 5.0, 5.0, 5.0, 5.0
parameter ends

state | action | reward
[0.02] | 0 | 1.0
0.0251003485172987 | 0 | 1.0
0.021552536636590958 | 0 | 1.0
0.014115454629063606 | 0 | 1.0
0.002786933444440365 | 0 | 1.0
-0.01243680901825428 | 0 | 1.0
-0.03156082332134247 | 0 | 1.0
-0.05459091067314148 | 0 | 1.0
-0.08153288811445236 | 0 | 1.0
-0.11239159107208252 | 0 | 1.0
Total reward: 10.0
5.0, 5.0, 5.0, 5.0, 5.0, 5.0, 5.0, 5.0, 5.0, 5.0
parameter ends

state | action | reward
[0.01] | 0 | 1.0
0.006017363164573908 | 0 | 1.0
0.002835978055372834 | 0 | 1.0
-0.004236808978021145 | 0 | 1.0
-0.015202997252345085 | 0 | 1.0
-0.03006618469953537 | 0 | 1.0
-0.04883122444152832 | 0 | 1.0
-0.07150369882583618 | 0 | 1.0
-0.09808920323848724 | 0 | 1.0
-0.12859229743480682 | 0 | 1.0
Total reward: 10.0
5.0, 5.0, 5.0, 5.0, 5.0, 5.0, 5.0, 5.0, 5.0, 5.0
parameter ends

state | action | reward
[-0.02] | 0 | 1.0
-0.015402610413730145 | 0 | 1.0
-0.019484268501400948 | 0 | 1.0
-0.027480848133563995 | 0 | 1.0
-0.039393771439790726 | 0 | 1.0
-0.055225543677806854 | 0 | 1.0
-0.074979268014431 | 0 | 1.0
-0.09865792840719223 | 0 | 1.0
Total reward: 8.0
5.0, 5.0, 5.0, 5.0, 5.0, 5.0, 5.0, 5.0, 5.0, 5.0
parameter ends

state | action | reward
[0.02] | 0 | 1.0
0.021302683278918266 | 0 | 1.0
0.016824977472424507 | 0 | 1.0
0.008449338376522064 | 0 | 1.0
-0.003826241474598646 | 0 | 1.0
-0.020005235448479652 | 0 | 1.0
-0.040092188864946365 | 0 | 1.0
-0.06409212201833725 | 0 | 1.0
-0.09200972318649292 | 0 | 1.0
-0.12384820729494095 | 0 | 1.0
Total reward: 10.0
5.0, 5.0, 5.0, 5.0, 5.0, 5.0, 5.0, 5.0, 5.0, 5.0
parameter ends

state | action | reward
[0.02] | 0 | 1.0
0.017956867814064026 | 0 | 1.0
0.013727045617997646 | 0 | 1.0
0.00560551043599844 | 0 | 1.0
-0.006409598048776388 | 0 | 1.0
-0.022321753203868866 | 0 | 1.0
-0.042135704308748245 | 0 | 1.0
-0.06585697829723358 | 0 | 1.0
-0.09349113702774048 | 0 | 1.0
-0.12504282593727112 | 0 | 1.0
Total reward: 10.0
5.0, 5.0, 5.0, 5.0, 5.0, 5.0, 5.0, 5.0, 5.0, 5.0
parameter ends

state | action | reward
[-0.01] | 0 | 1.0
-0.007189924828708172 | 0 | 1.0
-0.01171530969440937 | 0 | 1.0
-0.02013355679810047 | 0 | 1.0
-0.032446205615997314 | 0 | 1.0
-0.04865643382072449 | 0 | 1.0
-0.06876873224973679 | 0 | 1.0
-0.0927884429693222 | 0 | 1.0
-0.12072104215621948 | 0 | 1.0
-0.1525712013244629 | 0 | 1.0
Total reward: 10.0
5.0, 5.0, 5.0, 5.0, 5.0, 5.0, 5.0, 5.0, 5.0, 5.0
parameter ends

state | action | reward
[-0.05] | 0 | 1.0
-0.047508496791124344 | 0 | 1.0
-0.050996653735637665 | 0 | 1.0
-0.05838907137513161 | 0 | 1.0
-0.0696873664855957 | 0 | 1.0
-0.08489454537630081 | 0 | 1.0
-0.1040145680308342 | 0 | 1.0
-0.12705177068710327 | 0 | 1.0
-0.15401002764701843 | 0 | 1.0
Total reward: 9.0
5.0, 5.0, 5.0, 5.0, 5.0, 5.0, 5.0, 5.0, 5.0, 5.0
parameter ends

state | action | reward
[-0.02] | 0 | 1.0
-0.019155623391270638 | 0 | 1.0
-0.023938244208693504 | 0 | 1.0
-0.032627008855342865 | 0 | 1.0
-0.045223698019981384 | 0 | 1.0
-0.06173139065504074 | 0 | 1.0
-0.08215401321649551 | 0 | 1.0
-0.1064956933259964 | 0 | 1.0
-0.1347598284482956 | 0 | 1.0
Total reward: 9.0
5.0, 5.0, 5.0, 5.0, 5.0, 5.0, 5.0, 5.0, 5.0, 5.0
parameter ends

state | action | reward
[-0.03] | 0 | 1.0
-0.03256046772003174 | 0 | 1.0
-0.036541327834129333 | 0 | 1.0
-0.04442635178565979 | 0 | 1.0
-0.05621706694364548 | 0 | 1.0
-0.07191638648509979 | 0 | 1.0
-0.09152825176715851 | 0 | 1.0
-0.11505700647830963 | 0 | 1.0
-0.14250655472278595 | 0 | 1.0
Total reward: 9.0
5.0, 5.0, 5.0, 5.0, 5.0, 5.0, 5.0, 5.0, 5.0, 5.0
parameter ends

state | action | reward
[0.01] | 0 | 1.0
0.01572185941040516 | 0 | 1.0
0.012706724926829338 | 0 | 1.0
0.005778508260846138 | 0 | 1.0
-0.005063971504569054 | 0 | 1.0
-0.0198231041431427 | 0 | 1.0
-0.03850206360220909 | 0 | 1.0
-0.06110415980219841 | 0 | 1.0
-0.08763191103935242 | 0 | 1.0
Total reward: 9.0
5.0, 5.0, 5.0, 5.0, 5.0, 5.0, 5.0, 5.0, 5.0, 5.0
parameter ends

state | action | reward
[-0.02] | 0 | 1.0
-0.019448617473244667 | 0 | 1.0
-0.022806618362665176 | 0 | 1.0
-0.03006180189549923 | 0 | 1.0
-0.041216183453798294 | 0 | 1.0
-0.056273262947797775 | 0 | 1.0
-0.07523762434720993 | 0 | 1.0
-0.09811436384916306 | 0 | 1.0
-0.12490826845169067 | 0 | 1.0
-0.15562273561954498 | 0 | 1.0
Total reward: 10.0
5.0, 5.0, 5.0, 5.0, 5.0, 5.0, 5.0, 5.0, 5.0, 5.0
parameter ends

state | action | reward
[-0.03] | 0 | 1.0
-0.02719855308532715 | 0 | 1.0
-0.030454019084572792 | 0 | 1.0
-0.037614595144987106 | 0 | 1.0
-0.04868176206946373 | 0 | 1.0
-0.06365838646888733 | 0 | 1.0
-0.08254832774400711 | 0 | 1.0
-0.10535582154989243 | 0 | 1.0
-0.1320846527814865 | 0 | 1.0
Total reward: 9.0
5.0, 5.0, 5.0, 5.0, 5.0, 5.0, 5.0, 5.0, 5.0, 5.0
parameter ends

state | action | reward
[0.05] | 0 | 1.0
0.04732801765203476 | 0 | 1.0
0.04375338554382324 | 0 | 1.0
0.03628284111618996 | 0 | 1.0
0.024914871901273727 | 0 | 1.0
0.009646384976804256 | 0 | 1.0
-0.009526968002319336 | 0 | 1.0
-0.03261028230190277 | 0 | 1.0
-0.05960867181420326 | 0 | 1.0
-0.090526282787323 | 0 | 1.0
Total reward: 10.0
5.0, 5.0, 5.0, 5.0, 5.0, 5.0, 5.0, 5.0, 5.0, 5.0
parameter ends

state | action | reward
[-0.02] | 0 | 1.0
-0.0187197495251894 | 0 | 1.0
-0.02287250943481922 | 0 | 1.0
-0.030940473079681396 | 0 | 1.0
-0.04292510077357292 | 0 | 1.0
-0.058828920125961304 | 0 | 1.0
-0.07865501940250397 | 0 | 1.0
-0.10240630805492401 | 0 | 1.0
Total reward: 8.0
5.0, 5.0, 5.0, 5.0, 5.0, 5.0, 5.0, 5.0, 5.0, 5.0
parameter ends

state | action | reward
[0.02] | 0 | 1.0
0.015531321056187153 | 0 | 1.0
0.011043354868888855 | 0 | 1.0
0.0026462404057383537 | 0 | 1.0
-0.009661642834544182 | 0 | 1.0
-0.025883151218295097 | 0 | 1.0
-0.046021927148103714 | 0 | 1.0
-0.07008174061775208 | 0 | 1.0
-0.09806551039218903 | 0 | 1.0
Total reward: 9.0
5.0, 5.0, 5.0, 5.0, 5.0, 5.0, 5.0, 5.0, 5.0, 5.0
parameter ends

state | action | reward
[0.05] | 0 | 1.0
0.048032354563474655 | 0 | 1.0
0.04436169192194939 | 0 | 1.0
0.03679671511054039 | 0 | 1.0
0.02533591352403164 | 0 | 1.0
0.009976177476346493 | 0 | 1.0
-0.00928691029548645 | 0 | 1.0
-0.03245856612920761 | 0 | 1.0
-0.059544097632169724 | 0 | 1.0
-0.09054794907569885 | 0 | 1.0
Total reward: 10.0
5.0, 5.0, 5.0, 5.0, 5.0, 5.0, 5.0, 5.0, 5.0, 5.0
parameter ends

state | action | reward
[0.02] | 0 | 1.0
0.0174910519272089 | 0 | 1.0
0.013980298303067684 | 0 | 1.0
0.006560525391250849 | 0 | 1.0
-0.004769946914166212 | 0 | 1.0
-0.020014025270938873 | 0 | 1.0
-0.03917538747191429 | 0 | 1.0
-0.0622578002512455 | 0 | 1.0
-0.08926417678594589 | 0 | 1.0
Total reward: 9.0
5.0, 5.0, 5.0, 5.0, 5.0, 5.0, 5.0, 5.0, 5.0, 5.0
parameter ends

state | action | reward
[0.03] | 0 | 1.0
0.026408012956380844 | 0 | 1.0
0.02248869463801384 | 0 | 1.0
0.014673043973743916 | 0 | 1.0
0.0029591622296720743 | 0 | 1.0
-0.012656363658607006 | 0 | 1.0
-0.03217809647321701 | 0 | 1.0
-0.05561118945479393 | 0 | 1.0
-0.0829605981707573 | 0 | 1.0
-0.11423002183437347 | 0 | 1.0
Total reward: 10.0
5.0, 5.0, 5.0, 5.0, 5.0, 5.0, 5.0, 5.0, 5.0, 5.0
parameter ends

state | action | reward
[0.01] | 0 | 1.0
0.0077313571237027645 | 0 | 1.0
0.004027166403830051 | 0 | 1.0
-0.0035732067190110683 | 0 | 1.0
-0.015071664936840534 | 0 | 1.0
-0.03047163039445877 | 0 | 1.0
-0.04977767542004585 | 0 | 1.0
-0.07299496978521347 | 0 | 1.0
-0.10012848675251007 | 0 | 1.0
-0.13118195533752441 | 0 | 1.0
Total reward: 10.0
5.0, 5.0, 5.0, 5.0, 5.0, 5.0, 5.0, 5.0, 5.0, 5.0
parameter ends

state | action | reward
[0.02] | 0 | 1.0
0.023687414824962616 | 0 | 1.0
0.018819209188222885 | 0 | 1.0
0.010062497109174728 | 0 | 1.0
-0.0025846834760159254 | 0 | 1.0
-0.01912594586610794 | 0 | 1.0
-0.03956623375415802 | 0 | 1.0
-0.0639113336801529 | 0 | 1.0
-0.09216718375682831 | 0 | 1.0
-0.12433889508247375 | 0 | 1.0
Total reward: 10.0
