6.0, 6.0, 6.0, 6.0, 6.0, 6.0, 6.0, 6.0, 6.0, 6.0
parameter ends

state | action | reward
[0.] | 0 | 1.0
0.003519682213664055 | 0 | 1.0
-0.0010128326248377562 | 0 | 1.0
-0.009445350617170334 | 0 | 1.0
-0.021779397502541542 | 0 | 1.0
-0.03801799565553665 | 0 | 1.0
-0.05816531181335449 | 0 | 1.0
-0.08222609013319016 | 0 | 1.0
-0.11020489782094955 | 0 | 1.0
-0.14210502803325653 | 0 | 1.0
Total reward: 10.0
6.0, 6.0, 6.0, 6.0, 6.0, 6.0, 6.0, 6.0, 6.0, 6.0
parameter ends

state | action | reward
[0.03] | 0 | 1.0
0.02889057993888855 | 0 | 1.0
0.025692615658044815 | 0 | 1.0
0.018600961193442345 | 0 | 1.0
0.007613946218043566 | 0 | 1.0
-0.007271702867001295 | 0 | 1.0
-0.02606053277850151 | 0 | 1.0
-0.04875785857439041 | 0 | 1.0
-0.07536904513835907 | 0 | 1.0
-0.10589850693941116 | 0 | 1.0
Total reward: 10.0
6.0, 6.0, 6.0, 6.0, 6.0, 6.0, 6.0, 6.0, 6.0, 6.0
parameter ends

state | action | reward
[-0.] | 0 | 1.0
-0.0006414283998310566 | 0 | 1.0
-0.0035645116586238146 | 0 | 1.0
-0.01039146352559328 | 0 | 1.0
-0.02112392894923687 | 0 | 1.0
-0.03576493635773659 | 0 | 1.0
-0.05431849882006645 | 0 | 1.0
-0.0767889991402626 | 0 | 1.0
-0.10318034142255783 | 0 | 1.0
Total reward: 9.0
6.0, 6.0, 6.0, 6.0, 6.0, 6.0, 6.0, 6.0, 6.0, 6.0
parameter ends

state | action | reward
[0.03] | 0 | 1.0
0.03190159797668457 | 0 | 1.0
0.027104482054710388 | 0 | 1.0
0.018414529040455818 | 0 | 1.0
0.005829861853271723 | 0 | 1.0
-0.010652982629835606 | 0 | 1.0
-0.031038716435432434 | 0 | 1.0
-0.05533277988433838 | 0 | 1.0
-0.08354059606790543 | 0 | 1.0
-0.11566658318042755 | 0 | 1.0
Total reward: 10.0
6.0, 6.0, 6.0, 6.0, 6.0, 6.0, 6.0, 6.0, 6.0, 6.0
parameter ends

state | action | reward
[0.01] | 0 | 1.0
0.009171323850750923 | 0 | 1.0
0.005247014574706554 | 0 | 1.0
-0.002592479344457388 | 0 | 1.0
-0.014348258264362812 | 0 | 1.0
-0.030022580176591873 | 0 | 1.0
-0.049618422985076904 | 0 | 1.0
-0.07313882559537888 | 0 | 1.0
Total reward: 8.0
6.0, 6.0, 6.0, 6.0, 6.0, 6.0, 6.0, 6.0, 6.0, 6.0
parameter ends

state | action | reward
[-0.03] | 0 | 1.0
-0.03463608771562576 | 0 | 1.0
-0.038211796432733536 | 0 | 1.0
-0.0456915982067585 | 0 | 1.0
-0.057076871395111084 | 0 | 1.0
-0.07237043231725693 | 0 | 1.0
-0.09157612919807434 | 0 | 1.0
-0.11469832062721252 | 0 | 1.0
-0.14174099266529083 | 0 | 1.0
Total reward: 9.0
6.0, 6.0, 6.0, 6.0, 6.0, 6.0, 6.0, 6.0, 6.0, 6.0
parameter ends

state | action | reward
[0.04] | 0 | 1.0
0.03953612223267555 | 0 | 1.0
0.035858217626810074 | 0 | 1.0
0.028268489986658096 | 0 | 1.0
0.016765357926487923 | 0 | 1.0
0.0013460774207487702 | 0 | 1.0
-0.017992772161960602 | 0 | 1.0
-0.041254591196775436 | 0 | 1.0
Total reward: 8.0
6.0, 6.0, 6.0, 6.0, 6.0, 6.0, 6.0, 6.0, 6.0, 6.0
parameter ends

state | action | reward
[-0.01] | 0 | 1.0
-0.013034848496317863 | 0 | 1.0
-0.01740647479891777 | 0 | 1.0
-0.025678306818008423 | 0 | 1.0
-0.03785189613699913 | 0 | 1.0
-0.05393027886748314 | 0 | 1.0
-0.07391762733459473 | 0 | 1.0
-0.09781868010759354 | 0 | 1.0
-0.1256379634141922 | 0 | 1.0
-0.157378688454628 | 0 | 1.0
Total reward: 10.0
6.0, 6.0, 6.0, 6.0, 6.0, 6.0, 6.0, 6.0, 6.0, 6.0
parameter ends

state | action | reward
[0.03] | 0 | 1.0
0.03393159806728363 | 0 | 1.0
0.030152788385748863 | 0 | 1.0
0.02246999926865101 | 0 | 1.0
0.01088153850287199 | 0 | 1.0
-0.00461566261947155 | 0 | 1.0
-0.024025633931159973 | 0 | 1.0
-0.04735275357961655 | 0 | 1.0
-0.07460086792707443 | 0 | 1.0
Total reward: 9.0
6.0, 6.0, 6.0, 6.0, 6.0, 6.0, 6.0, 6.0, 6.0, 6.0
parameter ends

state | action | reward
[-0.02] | 0 | 1.0
-0.020469188690185547 | 0 | 1.0
-0.02446354366838932 | 0 | 1.0
-0.03236893191933632 | 0 | 1.0
-0.044186849147081375 | 0 | 1.0
-0.059919994324445724 | 0 | 1.0
-0.07957182079553604 | 0 | 1.0
-0.10314585268497467 | 0 | 1.0
-0.130644753575325 | 0 | 1.0
Total reward: 9.0
6.0, 6.0, 6.0, 6.0, 6.0, 6.0, 6.0, 6.0, 6.0, 6.0
parameter ends

state | action | reward
[-0.04] | 0 | 1.0
-0.04220719635486603 | 0 | 1.0
-0.04664403572678566 | 0 | 1.0
-0.05498827248811722 | 0 | 1.0
-0.06724146008491516 | 0 | 1.0
-0.08340644091367722 | 0 | 1.0
-0.10348696261644363 | 0 | 1.0
-0.12748700380325317 | 0 | 1.0
-0.15540990233421326 | 0 | 1.0
Total reward: 9.0
6.0, 6.0, 6.0, 6.0, 6.0, 6.0, 6.0, 6.0, 6.0, 6.0
parameter ends

state | action | reward
[0.02] | 0 | 1.0
0.014860878698527813 | 0 | 1.0
0.009979079477488995 | 0 | 1.0
0.0011951407650485635 | 0 | 1.0
-0.01149232778698206 | 0 | 1.0
-0.028086187317967415 | 0 | 1.0
-0.048590414226055145 | 0 | 1.0
-0.07300953567028046 | 0 | 1.0
-0.10134784877300262 | 0 | 1.0
-0.13360834121704102 | 0 | 1.0
Total reward: 10.0
6.0, 6.0, 6.0, 6.0, 6.0, 6.0, 6.0, 6.0, 6.0, 6.0
parameter ends

state | action | reward
[0.03] | 0 | 1.0
0.026745852082967758 | 0 | 1.0
0.021911006420850754 | 0 | 1.0
0.013186544179916382 | 0 | 1.0
0.0005707849632017314 | 0 | 1.0
-0.01593961752951145 | 0 | 1.0
-0.036349378526210785 | 0 | 1.0
-0.060664113610982895 | 0 | 1.0
-0.08888964354991913 | 0 | 1.0
-0.12103109806776047 | 0 | 1.0
-0.1570916771888733 | 0 | 1.0
Total reward: 11.0
6.0, 6.0, 6.0, 6.0, 6.0, 6.0, 6.0, 6.0, 6.0, 6.0
parameter ends

state | action | reward
[-0.02] | 0 | 1.0
-0.016990970820188522 | 0 | 1.0
-0.02153914049267769 | 0 | 1.0
-0.029982566833496094 | 0 | 1.0
-0.04232314974069595 | 0 | 1.0
-0.05856432393193245 | 0 | 1.0
-0.07871071249246597 | 0 | 1.0
-0.10276755690574646 | 0 | 1.0
-0.1307399719953537 | 0 | 1.0
-0.16263185441493988 | 0 | 1.0
Total reward: 10.0
6.0, 6.0, 6.0, 6.0, 6.0, 6.0, 6.0, 6.0, 6.0, 6.0
parameter ends

state | action | reward
[-0.04] | 0 | 1.0
-0.03788280487060547 | 0 | 1.0
-0.04195719212293625 | 0 | 1.0
-0.04992150515317917 | 0 | 1.0
-0.06177755072712898 | 0 | 1.0
-0.07752878218889236 | 0 | 1.0
-0.09718000143766403 | 0 | 1.0
-0.12073682993650436 | 0 | 1.0
-0.14820505678653717 | 0 | 1.0
-0.1795896738767624 | 0 | 1.0
Total reward: 10.0
6.0, 6.0, 6.0, 6.0, 6.0, 6.0, 6.0, 6.0, 6.0, 6.0
parameter ends

state | action | reward
[-0.05] | 0 | 1.0
-0.04547784477472305 | 0 | 1.0
-0.04935811832547188 | 0 | 1.0
-0.0571465939283371 | 0 | 1.0
-0.06884458661079407 | 0 | 1.0
-0.08445475250482559 | 0 | 1.0
-0.1039806678891182 | 0 | 1.0
-0.12742623686790466 | 0 | 1.0
-0.15479478240013123 | 0 | 1.0
Total reward: 9.0
6.0, 6.0, 6.0, 6.0, 6.0, 6.0, 6.0, 6.0, 6.0, 6.0
parameter ends

state | action | reward
[0.04] | 0 | 1.0
0.041691526770591736 | 0 | 1.0
0.037352304905653 | 0 | 1.0
0.029097361490130424 | 0 | 1.0
0.016925496980547905 | 0 | 1.0
0.000834400299936533 | 0 | 1.0
-0.019178899005055428 | 0 | 1.0
-0.043117329478263855 | 0 | 1.0
Total reward: 8.0
6.0, 6.0, 6.0, 6.0, 6.0, 6.0, 6.0, 6.0, 6.0, 6.0
parameter ends

state | action | reward
[-0.04] | 0 | 1.0
-0.04422515630722046 | 0 | 1.0
-0.04880634695291519 | 0 | 1.0
-0.05728958547115326 | 0 | 1.0
-0.06967649608850479 | 0 | 1.0
-0.08597011864185333 | 0 | 1.0
-0.10617458075284958 | 0 | 1.0
-0.13029442727565765 | 0 | 1.0
-0.1583338975906372 | 0 | 1.0
Total reward: 9.0
6.0, 6.0, 6.0, 6.0, 6.0, 6.0, 6.0, 6.0, 6.0, 6.0
parameter ends

state | action | reward
[0.05] | 0 | 1.0
0.04883092641830444 | 0 | 1.0
0.04526028409600258 | 0 | 1.0
0.037776798009872437 | 0 | 1.0
0.026379192247986794 | 0 | 1.0
0.01106500718742609 | 0 | 1.0
-0.008168987929821014 | 0 | 1.0
-0.031326115131378174 | 0 | 1.0
-0.058408863842487335 | 0 | 1.0
Total reward: 9.0
6.0, 6.0, 6.0, 6.0, 6.0, 6.0, 6.0, 6.0, 6.0, 6.0
parameter ends

state | action | reward
[-0.05] | 0 | 1.0
-0.04951803386211395 | 0 | 1.0
-0.05298078805208206 | 0 | 1.0
-0.060348834842443466 | 0 | 1.0
-0.07162392884492874 | 0 | 1.0
-0.08680916577577591 | 0 | 1.0
-0.10590852051973343 | 0 | 1.0
-0.12892621755599976 | 0 | 1.0
-0.1558658480644226 | 0 | 1.0
Total reward: 9.0
