5.3, 5.3, 5.3, 5.3, 5.3, 5.3, 5.3, 5.3, 5.3, 5.3
parameter ends

state | action | reward
[-0.03] | 0 | 1.0
-0.031961262226104736 | 0 | 1.0
-0.035502150654792786 | 0 | 1.0
-0.0429333858191967 | 0 | 1.0
-0.054256539791822433 | 0 | 1.0
-0.06947483867406845 | 0 | 1.0
-0.08859290927648544 | 0 | 1.0
-0.11161626130342484 | 0 | 1.0
-0.13855066895484924 | 0 | 1.0
-0.16940118372440338 | 0 | 1.0
-0.20417100191116333 | 0 | 1.0
Total reward: 11.0
5.3, 5.3, 5.3, 5.3, 5.3, 5.3, 5.3, 5.3, 5.3, 5.3
parameter ends

state | action | reward
[0.01] | 0 | 1.0
0.00904855690896511 | 0 | 1.0
0.00422459514811635 | 0 | 1.0
-0.0044913506135344505 | 0 | 1.0
-0.017100846394896507 | 0 | 1.0
-0.033607110381126404 | 0 | 1.0
-0.05401468649506569 | 0 | 1.0
-0.07832898199558258 | 0 | 1.0
-0.10655558109283447 | 0 | 1.0
-0.13869927823543549 | 0 | 1.0
Total reward: 10.0
5.3, 5.3, 5.3, 5.3, 5.3, 5.3, 5.3, 5.3, 5.3, 5.3
parameter ends

state | action | reward
[0.04] | 0 | 1.0
0.036122847348451614 | 0 | 1.0
0.03242146596312523 | 0 | 1.0
0.024827031418681145 | 0 | 1.0
0.013337728567421436 | 0 | 1.0
-0.002049847273156047 | 0 | 1.0
-0.02134036086499691 | 0 | 1.0
-0.04453921690583229 | 0 | 1.0
-0.07165182381868362 | 0 | 1.0
-0.10268261283636093 | 0 | 1.0
Total reward: 10.0
5.3, 5.3, 5.3, 5.3, 5.3, 5.3, 5.3, 5.3, 5.3, 5.3
parameter ends

state | action | reward
[-0.04] | 0 | 1.0
-0.03739062324166298 | 0 | 1.0
-0.04160283878445625 | 0 | 1.0
-0.049728162586688995 | 0 | 1.0
-0.06176801398396492 | 0 | 1.0
-0.07772496342658997 | 0 | 1.0
-0.09760227799415588 | 0 | 1.0
-0.12140320986509323 | 0 | 1.0
Total reward: 8.0
5.3, 5.3, 5.3, 5.3, 5.3, 5.3, 5.3, 5.3, 5.3, 5.3
parameter ends

state | action | reward
[-0.] | 0 | 1.0
-0.0034404986072331667 | 0 | 1.0
-0.007965761236846447 | 0 | 1.0
-0.016389690339565277 | 0 | 1.0
-0.02871420979499817 | 0 | 1.0
-0.044942695647478104 | 0 | 1.0
-0.06507961452007294 | 0 | 1.0
-0.08912989497184753 | 0 | 1.0
-0.11709814518690109 | 0 | 1.0
-0.1489875167608261 | 0 | 1.0
Total reward: 10.0
5.3, 5.3, 5.3, 5.3, 5.3, 5.3, 5.3, 5.3, 5.3, 5.3
parameter ends

state | action | reward
[-0.03] | 0 | 1.0
-0.03134500980377197 | 0 | 1.0
-0.03584204986691475 | 0 | 1.0
-0.04423999786376953 | 0 | 1.0
-0.05654038488864899 | 0 | 1.0
-0.07274622470140457 | 0 | 1.0
-0.09286163002252579 | 0 | 1.0
-0.1168912723660469 | 0 | 1.0
-0.1448395848274231 | 0 | 1.0
-0.17670965194702148 | 0 | 1.0
Total reward: 10.0
5.3, 5.3, 5.3, 5.3, 5.3, 5.3, 5.3, 5.3, 5.3, 5.3
parameter ends

state | action | reward
[0.01] | 0 | 1.0
0.009628791362047195 | 0 | 1.0
0.006468384061008692 | 0 | 1.0
-0.0005880308453924954 | 0 | 1.0
-0.011542308144271374 | 0 | 1.0
-0.026397831737995148 | 0 | 1.0
-0.04515915736556053 | 0 | 1.0
-0.06783145666122437 | 0 | 1.0
-0.09441974014043808 | 0 | 1.0
-0.1249278262257576 | 0 | 1.0
Total reward: 10.0
5.3, 5.3, 5.3, 5.3, 5.3, 5.3, 5.3, 5.3, 5.3, 5.3
parameter ends

state | action | reward
[0.03] | 0 | 1.0
0.030612342059612274 | 0 | 1.0
0.02607574872672558 | 0 | 1.0
0.017643917351961136 | 0 | 1.0
0.00531500019133091 | 0 | 1.0
-0.010914397425949574 | 0 | 1.0
-0.031048862263560295 | 0 | 1.0
-0.055093634873628616 | 0 | 1.0
-0.0830538272857666 | 0 | 1.0
-0.11493342369794846 | 0 | 1.0
Total reward: 10.0
5.3, 5.3, 5.3, 5.3, 5.3, 5.3, 5.3, 5.3, 5.3, 5.3
parameter ends

state | action | reward
[0.] | 0 | 1.0
0.0010291392682120204 | 0 | 1.0
-0.002859770320355892 | 0 | 1.0
-0.010649575851857662 | 0 | 1.0
-0.022342072799801826 | 0 | 1.0
-0.03794049099087715 | 0 | 1.0
-0.0574490912258625 | 0 | 1.0
-0.08087258040904999 | 0 | 1.0
-0.10821527242660522 | 0 | 1.0
Total reward: 9.0
5.3, 5.3, 5.3, 5.3, 5.3, 5.3, 5.3, 5.3, 5.3, 5.3
parameter ends

state | action | reward
[-0.02] | 0 | 1.0
-0.024022620171308517 | 0 | 1.0
-0.028116824105381966 | 0 | 1.0
-0.03610394895076752 | 0 | 1.0
-0.04798600822687149 | 0 | 1.0
-0.06376658380031586 | 0 | 1.0
-0.08345046639442444 | 0 | 1.0
-0.10704311728477478 | 0 | 1.0
-0.13454994559288025 | 0 | 1.0
-0.1659751981496811 | 0 | 1.0
Total reward: 10.0
5.3, 5.3, 5.3, 5.3, 5.3, 5.3, 5.3, 5.3, 5.3, 5.3
parameter ends

state | action | reward
[-0.01] | 0 | 1.0
-0.010744201950728893 | 0 | 1.0
-0.015005120076239109 | 0 | 1.0
-0.023168040439486504 | 0 | 1.0
-0.035234641283750534 | 0 | 1.0
-0.051208022981882095 | 0 | 1.0
-0.07109232246875763 | 0 | 1.0
-0.09489212930202484 | 0 | 1.0
-0.1226116195321083 | 0 | 1.0
Total reward: 9.0
5.3, 5.3, 5.3, 5.3, 5.3, 5.3, 5.3, 5.3, 5.3, 5.3
parameter ends

state | action | reward
[0.03] | 0 | 1.0
0.03469078987836838 | 0 | 1.0
0.03161020576953888 | 0 | 1.0
0.024622807279229164 | 0 | 1.0
0.013726982288062572 | 0 | 1.0
-0.0010801841272041202 | 0 | 1.0
-0.01980249583721161 | 0 | 1.0
-0.042444005608558655 | 0 | 1.0
-0.06900811195373535 | 0 | 1.0
Total reward: 9.0
5.3, 5.3, 5.3, 5.3, 5.3, 5.3, 5.3, 5.3, 5.3, 5.3
parameter ends

state | action | reward
[0.05] | 0 | 1.0
0.04777868837118149 | 0 | 1.0
0.043095219880342484 | 0 | 1.0
0.03452155739068985 | 0 | 1.0
0.02205570973455906 | 0 | 1.0
0.005694064777344465 | 0 | 1.0
-0.01456827949732542 | 0 | 1.0
-0.03873699903488159 | 0 | 1.0
-0.06681782007217407 | 0 | 1.0
-0.09881556034088135 | 0 | 1.0
Total reward: 10.0
5.3, 5.3, 5.3, 5.3, 5.3, 5.3, 5.3, 5.3, 5.3, 5.3
parameter ends

state | action | reward
[-0.05] | 0 | 1.0
-0.04604532569646835 | 0 | 1.0
-0.04931723326444626 | 0 | 1.0
-0.05648993328213692 | 0 | 1.0
-0.06756517291069031 | 0 | 1.0
-0.08254614472389221 | 0 | 1.0
-0.10143709182739258 | 0 | 1.0
-0.12424273788928986 | 0 | 1.0
-0.15096741914749146 | 0 | 1.0
Total reward: 9.0
5.3, 5.3, 5.3, 5.3, 5.3, 5.3, 5.3, 5.3, 5.3, 5.3
parameter ends

state | action | reward
[0.03] | 0 | 1.0
0.0342215932905674 | 0 | 1.0
0.029845712706446648 | 0 | 1.0
0.021554382517933846 | 0 | 1.0
0.009346148930490017 | 0 | 1.0
-0.006781494710594416 | 0 | 1.0
-0.02683161199092865 | 0 | 1.0
-0.05080708488821983 | 0 | 1.0
Total reward: 8.0
5.3, 5.3, 5.3, 5.3, 5.3, 5.3, 5.3, 5.3, 5.3, 5.3
parameter ends

state | action | reward
[0.04] | 0 | 1.0
0.03832226246595383 | 0 | 1.0
0.035059329122304916 | 0 | 1.0
0.027906563133001328 | 0 | 1.0
0.016862070187926292 | 0 | 1.0
0.0019223210401833057 | 0 | 1.0
-0.016917534172534943 | 0 | 1.0
-0.039663165807724 | 0 | 1.0
-0.06632035970687866 | 0 | 1.0
-0.09689406305551529 | 0 | 1.0
Total reward: 10.0
5.3, 5.3, 5.3, 5.3, 5.3, 5.3, 5.3, 5.3, 5.3, 5.3
parameter ends

state | action | reward
[0.01] | 0 | 1.0
0.014897136949002743 | 0 | 1.0
0.01105665322393179 | 0 | 1.0
0.003321395255625248 | 0 | 1.0
-0.008310199715197086 | 0 | 1.0
-0.023841291666030884 | 0 | 1.0
-0.043276313692331314 | 0 | 1.0
-0.06662046164274216 | 0 | 1.0
-0.09387898445129395 | 0 | 1.0
-0.125056192278862 | 0 | 1.0
Total reward: 10.0
5.3, 5.3, 5.3, 5.3, 5.3, 5.3, 5.3, 5.3, 5.3, 5.3
parameter ends

state | action | reward
[0.01] | 0 | 1.0
0.015223684720695019 | 0 | 1.0
0.011927393265068531 | 0 | 1.0
0.004725575912743807 | 0 | 1.0
-0.006383436266332865 | 0 | 1.0
-0.021402647718787193 | 0 | 1.0
-0.04033597931265831 | 0 | 1.0
-0.0631876289844513 | 0 | 1.0
-0.08996119350194931 | 0 | 1.0
Total reward: 9.0
5.3, 5.3, 5.3, 5.3, 5.3, 5.3, 5.3, 5.3, 5.3, 5.3
parameter ends

state | action | reward
[0.] | 0 | 1.0
0.002557493280619383 | 0 | 1.0
-0.0005499032558873296 | 0 | 1.0
-0.007552662398666143 | 0 | 1.0
-0.018452664837241173 | 0 | 1.0
-0.03325332701206207 | 0 | 1.0
-0.05195925757288933 | 0 | 1.0
-0.07457568496465683 | 0 | 1.0
-0.10110770165920258 | 0 | 1.0
-0.13155922293663025 | 0 | 1.0
Total reward: 10.0
5.3, 5.3, 5.3, 5.3, 5.3, 5.3, 5.3, 5.3, 5.3, 5.3
parameter ends

state | action | reward
[0.03] | 0 | 1.0
0.03304291144013405 | 0 | 1.0
0.029160013422369957 | 0 | 1.0
0.02138678729534149 | 0 | 1.0
0.00972140021622181 | 0 | 1.0
-0.005839619319885969 | 0 | 1.0
-0.02530106157064438 | 0 | 1.0
-0.04866854473948479 | 0 | 1.0
-0.07594779878854752 | 0 | 1.0
-0.10714373737573624 | 0 | 1.0
Total reward: 10.0
