5.4, 5.4, 5.4, 5.4, 5.4, 5.4, 5.4, 5.4, 5.4, 5.4
parameter ends

state | action | reward
[0.02] | 0 | 1.0
0.02234475687146187 | 0 | 1.0
0.017628736793994904 | 0 | 1.0
0.009022231213748455 | 0 | 1.0
-0.0034769224002957344 | 0 | 1.0
-0.019872475415468216 | 0 | 1.0
-0.04016942158341408 | 0 | 1.0
-0.06437346339225769 | 0 | 1.0
-0.09249026328325272 | 0 | 1.0
-0.12452445179224014 | 0 | 1.0
Total reward: 10.0
5.4, 5.4, 5.4, 5.4, 5.4, 5.4, 5.4, 5.4, 5.4, 5.4
parameter ends

state | action | reward
[-0.03] | 0 | 1.0
-0.027764910832047462 | 0 | 1.0
-0.030889639630913734 | 0 | 1.0
-0.037905726581811905 | 0 | 1.0
-0.04881525784730911 | 0 | 1.0
-0.06362190842628479 | 0 | 1.0
-0.08233058452606201 | 0 | 1.0
-0.10494691133499146 | 0 | 1.0
-0.13147644698619843 | 0 | 1.0
-0.16192370653152466 | 0 | 1.0
Total reward: 10.0
5.4, 5.4, 5.4, 5.4, 5.4, 5.4, 5.4, 5.4, 5.4, 5.4
parameter ends

state | action | reward
[-0.02] | 0 | 1.0
-0.02049199864268303 | 0 | 1.0
-0.02523737959563732 | 0 | 1.0
-0.03387647494673729 | 0 | 1.0
-0.04641086235642433 | 0 | 1.0
-0.06284373253583908 | 0 | 1.0
-0.08317955583333969 | 0 | 1.0
-0.10742363333702087 | 0 | 1.0
-0.13558131456375122 | 0 | 1.0
-0.16765712201595306 | 0 | 1.0
Total reward: 10.0
5.4, 5.4, 5.4, 5.4, 5.4, 5.4, 5.4, 5.4, 5.4, 5.4
parameter ends

state | action | reward
[0.01] | 0 | 1.0
0.012762432917952538 | 0 | 1.0
0.009501858614385128 | 0 | 1.0
0.002329091774299741 | 0 | 1.0
-0.008757020346820354 | 0 | 1.0
-0.023758873343467712 | 0 | 1.0
-0.04267969727516174 | 0 | 1.0
-0.06552290916442871 | 0 | 1.0
-0.09229125082492828 | 0 | 1.0
Total reward: 9.0
5.4, 5.4, 5.4, 5.4, 5.4, 5.4, 5.4, 5.4, 5.4, 5.4
parameter ends

state | action | reward
[0.02] | 0 | 1.0
0.01869242638349533 | 0 | 1.0
0.015588597394526005 | 0 | 1.0
0.00857781246304512 | 0 | 1.0
-0.002341317944228649 | 0 | 1.0
-0.017171531915664673 | 0 | 1.0
-0.035916518419981 | 0 | 1.0
-0.058580316603183746 | 0 | 1.0
-0.08516645431518555 | 0 | 1.0
Total reward: 9.0
5.4, 5.4, 5.4, 5.4, 5.4, 5.4, 5.4, 5.4, 5.4, 5.4
parameter ends

state | action | reward
[0.03] | 0 | 1.0
0.03360329940915108 | 0 | 1.0
0.030089545994997025 | 0 | 1.0
0.022660426795482635 | 0 | 1.0
0.011314506642520428 | 0 | 1.0
-0.003950713202357292 | 0 | 1.0
-0.023138301447033882 | 0 | 1.0
-0.04625116288661957 | 0 | 1.0
Total reward: 8.0
5.4, 5.4, 5.4, 5.4, 5.4, 5.4, 5.4, 5.4, 5.4, 5.4
parameter ends

state | action | reward
[-0.01] | 0 | 1.0
-0.012484577484428883 | 0 | 1.0
-0.016347941011190414 | 0 | 1.0
-0.024114757776260376 | 0 | 1.0
-0.03578642010688782 | 0 | 1.0
-0.05136575549840927 | 0 | 1.0
-0.07085666805505753 | 0 | 1.0
-0.09426356106996536 | 0 | 1.0
-0.12159053236246109 | 0 | 1.0
Total reward: 9.0
5.4, 5.4, 5.4, 5.4, 5.4, 5.4, 5.4, 5.4, 5.4, 5.4
parameter ends

state | action | reward
[0.01] | 0 | 1.0
0.00698414072394371 | 0 | 1.0
0.0024187974631786346 | 0 | 1.0
-0.0060407016426324844 | 0 | 1.0
-0.018396014347672462 | 0 | 1.0
-0.03465038910508156 | 0 | 1.0
-0.0548083521425724 | 0 | 1.0
-0.07887516915798187 | 0 | 1.0
-0.10685615241527557 | 0 | 1.0
-0.1387556493282318 | 0 | 1.0
Total reward: 10.0
5.4, 5.4, 5.4, 5.4, 5.4, 5.4, 5.4, 5.4, 5.4, 5.4
parameter ends

state | action | reward
[-0.] | 0 | 1.0
-0.004717228468507528 | 0 | 1.0
-0.008577416650950909 | 0 | 1.0
-0.016335511580109596 | 0 | 1.0
-0.02799331769347191 | 0 | 1.0
-0.043554142117500305 | 0 | 1.0
-0.06302241235971451 | 0 | 1.0
-0.08640311658382416 | 0 | 1.0
-0.11370103061199188 | 0 | 1.0
-0.14491958916187286 | 0 | 1.0
Total reward: 10.0
5.4, 5.4, 5.4, 5.4, 5.4, 5.4, 5.4, 5.4, 5.4, 5.4
parameter ends

state | action | reward
[-0.02] | 0 | 1.0
-0.01940503902733326 | 0 | 1.0
-0.023057984188199043 | 0 | 1.0
-0.030612483620643616 | 0 | 1.0
-0.04207024350762367 | 0 | 1.0
-0.05743440240621567 | 0 | 1.0
-0.07670913636684418 | 0 | 1.0
-0.09989906847476959 | 0 | 1.0
-0.12700846791267395 | 0 | 1.0
Total reward: 9.0
5.4, 5.4, 5.4, 5.4, 5.4, 5.4, 5.4, 5.4, 5.4, 5.4
parameter ends

state | action | reward
[-0.05] | 0 | 1.0
-0.04779975488781929 | 0 | 1.0
-0.0521407425403595 | 0 | 1.0
-0.060378316789865494 | 0 | 1.0
-0.07251402735710144 | 0 | 1.0
-0.08855099976062775 | 0 | 1.0
-0.10849358141422272 | 0 | 1.0
-0.13234682381153107 | 0 | 1.0
-0.16011573374271393 | 0 | 1.0
-0.19180430471897125 | 0 | 1.0
Total reward: 10.0
5.4, 5.4, 5.4, 5.4, 5.4, 5.4, 5.4, 5.4, 5.4, 5.4
parameter ends

state | action | reward
[-0.02] | 0 | 1.0
-0.0196954607963562 | 0 | 1.0
-0.023213796317577362 | 0 | 1.0
-0.030636297538876534 | 0 | 1.0
-0.041964493691921234 | 0 | 1.0
-0.05720130354166031 | 0 | 1.0
-0.07635065913200378 | 0 | 1.0
-0.09941691160202026 | 0 | 1.0
-0.12640397250652313 | 0 | 1.0
Total reward: 9.0
5.4, 5.4, 5.4, 5.4, 5.4, 5.4, 5.4, 5.4, 5.4, 5.4
parameter ends

state | action | reward
[-0.05] | 0 | 1.0
-0.04586799815297127 | 0 | 1.0
-0.048981789499521255 | 0 | 1.0
-0.05599718168377876 | 0 | 1.0
-0.0669155865907669 | 0 | 1.0
-0.08173990249633789 | 0 | 1.0
-0.10047414898872375 | 0 | 1.0
-0.12312290817499161 | 0 | 1.0
-0.14969053864479065 | 0 | 1.0
-0.1801801472902298 | 0 | 1.0
Total reward: 10.0
5.4, 5.4, 5.4, 5.4, 5.4, 5.4, 5.4, 5.4, 5.4, 5.4
parameter ends

state | action | reward
[-0.01] | 0 | 1.0
-0.011610313318669796 | 0 | 1.0
-0.014639130793511868 | 0 | 1.0
-0.021572766825556755 | 0 | 1.0
-0.03241274878382683 | 0 | 1.0
-0.04716198891401291 | 0 | 1.0
-0.06582438200712204 | 0 | 1.0
-0.08840420097112656 | 0 | 1.0
-0.11490525305271149 | 0 | 1.0
Total reward: 9.0
5.4, 5.4, 5.4, 5.4, 5.4, 5.4, 5.4, 5.4, 5.4, 5.4
parameter ends

state | action | reward
[-0.02] | 0 | 1.0
-0.02164844609797001 | 0 | 1.0
-0.02513350173830986 | 0 | 1.0
-0.03250686824321747 | 0 | 1.0
-0.043770480901002884 | 0 | 1.0
-0.05892794206738472 | 0 | 1.0
-0.07798419147729874 | 0 | 1.0
-0.10094501823186874 | 0 | 1.0
-0.12781637907028198 | 0 | 1.0
-0.1586034595966339 | 0 | 1.0
Total reward: 10.0
5.4, 5.4, 5.4, 5.4, 5.4, 5.4, 5.4, 5.4, 5.4, 5.4
parameter ends

state | action | reward
[-0.02] | 0 | 1.0
-0.02234145626425743 | 0 | 1.0
-0.026739493012428284 | 0 | 1.0
-0.035049524158239365 | 0 | 1.0
-0.04727312922477722 | 0 | 1.0
-0.06341303139925003 | 0 | 1.0
-0.08347264677286148 | 0 | 1.0
-0.10745534300804138 | 0 | 1.0
Total reward: 8.0
5.4, 5.4, 5.4, 5.4, 5.4, 5.4, 5.4, 5.4, 5.4, 5.4
parameter ends

state | action | reward
[0.] | 0 | 1.0
0.004624205641448498 | 0 | 1.0
0.0014099435647949576 | 0 | 1.0
-0.005718433763831854 | 0 | 1.0
-0.016762230545282364 | 0 | 1.0
-0.03172389790415764 | 0 | 1.0
-0.05060657486319542 | 0 | 1.0
-0.07341339439153671 | 0 | 1.0
Total reward: 8.0
5.4, 5.4, 5.4, 5.4, 5.4, 5.4, 5.4, 5.4, 5.4, 5.4
parameter ends

state | action | reward
[0.03] | 0 | 1.0
0.03286193683743477 | 0 | 1.0
0.02962636761367321 | 0 | 1.0
0.022490594536066055 | 0 | 1.0
0.011453036218881607 | 0 | 1.0
-0.0034893727861344814 | 0 | 1.0
-0.022340815514326096 | 0 | 1.0
-0.045106034725904465 | 0 | 1.0
-0.07178954035043716 | 0 | 1.0
-0.10239452868700027 | 0 | 1.0
Total reward: 10.0
5.4, 5.4, 5.4, 5.4, 5.4, 5.4, 5.4, 5.4, 5.4, 5.4
parameter ends

state | action | reward
[0.01] | 0 | 1.0
0.012636790983378887 | 0 | 1.0
0.009247289970517159 | 0 | 1.0
0.001961219822987914 | 0 | 1.0
-0.009223378263413906 | 0 | 1.0
-0.02430996671319008 | 0 | 1.0
-0.04330313205718994 | 0 | 1.0
-0.06620801985263824 | 0 | 1.0
-0.09302952140569687 | 0 | 1.0
-0.12377123534679413 | 0 | 1.0
Total reward: 10.0
5.4, 5.4, 5.4, 5.4, 5.4, 5.4, 5.4, 5.4, 5.4, 5.4
parameter ends

state | action | reward
[-0.04] | 0 | 1.0
-0.043902359902858734 | 0 | 1.0
-0.04699856415390968 | 0 | 1.0
-0.053987834602594376 | 0 | 1.0
-0.06487176567316055 | 0 | 1.0
-0.07965358346700668 | 0 | 1.0
-0.0983378142118454 | 0 | 1.0
-0.12092979997396469 | 0 | 1.0
-0.1474349945783615 | 0 | 1.0
-0.17785796523094177 | 0 | 1.0
Total reward: 10.0
