5.4, 5.4, 5.4, 5.4, 5.4, 5.4, 5.4, 5.4, 5.4, 5.4
parameter ends

state | action | reward
[-0.04] | 0 | 1.0
-0.038130927830934525 | 0 | 1.0
-0.04217783361673355 | 0 | 1.0
-0.05012403801083565 | 0 | 1.0
-0.06197131797671318 | 0 | 1.0
-0.07772292196750641 | 0 | 1.0
-0.09738320112228394 | 0 | 1.0
-0.12095700949430466 | 0 | 1.0
-0.1484489142894745 | 0 | 1.0
-0.1798620969057083 | 0 | 1.0
Total reward: 10.0
5.4, 5.4, 5.4, 5.4, 5.4, 5.4, 5.4, 5.4, 5.4, 5.4
parameter ends

state | action | reward
[-0.04] | 0 | 1.0
-0.03875429555773735 | 0 | 1.0
-0.0434117466211319 | 0 | 1.0
-0.05197647586464882 | 0 | 1.0
-0.06445015966892242 | 0 | 1.0
-0.08083576709032059 | 0 | 1.0
-0.10113710910081863 | 0 | 1.0
-0.12535816431045532 | 0 | 1.0
-0.1535021960735321 | 0 | 1.0
Total reward: 9.0
5.4, 5.4, 5.4, 5.4, 5.4, 5.4, 5.4, 5.4, 5.4, 5.4
parameter ends

state | action | reward
[0.03] | 0 | 1.0
0.02893432416021824 | 0 | 1.0
0.02429409697651863 | 0 | 1.0
0.015753474086523056 | 0 | 1.0
0.003310645464807749 | 0 | 1.0
-0.013037643395364285 | 0 | 1.0
-0.03329569101333618 | 0 | 1.0
-0.05746826156973839 | 0 | 1.0
-0.08555973321199417 | 0 | 1.0
Total reward: 9.0
5.4, 5.4, 5.4, 5.4, 5.4, 5.4, 5.4, 5.4, 5.4, 5.4
parameter ends

state | action | reward
[-0.04] | 0 | 1.0
-0.03994481638073921 | 0 | 1.0
-0.04370376095175743 | 0 | 1.0
-0.05137701332569122 | 0 | 1.0
-0.06296592950820923 | 0 | 1.0
-0.07847297191619873 | 0 | 1.0
-0.09790128469467163 | 0 | 1.0
-0.12125395983457565 | 0 | 1.0
Total reward: 8.0
5.4, 5.4, 5.4, 5.4, 5.4, 5.4, 5.4, 5.4, 5.4, 5.4
parameter ends

state | action | reward
[0.04] | 0 | 1.0
0.03996601700782776 | 0 | 1.0
0.03704758360981941 | 0 | 1.0
0.030220046639442444 | 0 | 1.0
0.019482169300317764 | 0 | 1.0
0.004831390921026468 | 0 | 1.0
-0.013735766522586346 | 0 | 1.0
-0.03622309863567352 | 0 | 1.0
-0.06263384222984314 | 0 | 1.0
Total reward: 9.0
5.4, 5.4, 5.4, 5.4, 5.4, 5.4, 5.4, 5.4, 5.4, 5.4
parameter ends

state | action | reward
[-0.02] | 0 | 1.0
-0.016312554478645325 | 0 | 1.0
-0.020192714408040047 | 0 | 1.0
-0.027965519577264786 | 0 | 1.0
-0.03963305056095123 | 0 | 1.0
-0.055198948830366135 | 0 | 1.0
-0.07466805726289749 | 0 | 1.0
-0.09804589301347733 | 0 | 1.0
-0.1253378540277481 | 0 | 1.0
-0.15654821693897247 | 0 | 1.0
Total reward: 10.0
5.4, 5.4, 5.4, 5.4, 5.4, 5.4, 5.4, 5.4, 5.4, 5.4
parameter ends

state | action | reward
[0.03] | 0 | 1.0
0.03285084664821625 | 0 | 1.0
0.02832014672458172 | 0 | 1.0
0.019886627793312073 | 0 | 1.0
0.007548649329692125 | 0 | 1.0
-0.008696842007339 | 0 | 1.0
-0.028853915631771088 | 0 | 1.0
-0.05292706936597824 | 0 | 1.0
-0.08092037588357925 | 0 | 1.0
Total reward: 9.0
5.4, 5.4, 5.4, 5.4, 5.4, 5.4, 5.4, 5.4, 5.4, 5.4
parameter ends

state | action | reward
[-0.02] | 0 | 1.0
-0.021691618487238884 | 0 | 1.0
-0.026464667171239853 | 0 | 1.0
-0.03513495996594429 | 0 | 1.0
-0.04770403355360031 | 0 | 1.0
-0.06417497247457504 | 0 | 1.0
-0.0845520868897438 | 0 | 1.0
-0.10884036123752594 | 0 | 1.0
-0.1370447278022766 | 0 | 1.0
-0.16916906833648682 | 0 | 1.0
Total reward: 10.0
5.4, 5.4, 5.4, 5.4, 5.4, 5.4, 5.4, 5.4, 5.4, 5.4
parameter ends

state | action | reward
[-0.01] | 0 | 1.0
-0.011379123665392399 | 0 | 1.0
-0.015684498474001884 | 0 | 1.0
-0.02388354018330574 | 0 | 1.0
-0.035978276282548904 | 0 | 1.0
-0.051972292363643646 | 0 | 1.0
-0.071870356798172 | 0 | 1.0
-0.09567788243293762 | 0 | 1.0
-0.12340015172958374 | 0 | 1.0
-0.15504127740859985 | 0 | 1.0
Total reward: 10.0
5.4, 5.4, 5.4, 5.4, 5.4, 5.4, 5.4, 5.4, 5.4, 5.4
parameter ends

state | action | reward
[0.01] | 0 | 1.0
0.010746571235358715 | 0 | 1.0
0.006923606153577566 | 0 | 1.0
-0.0007904196972958744 | 0 | 1.0
-0.012397194281220436 | 0 | 1.0
-0.027900051325559616 | 0 | 1.0
-0.04730365797877312 | 0 | 1.0
-0.07061352580785751 | 0 | 1.0
-0.09783532470464706 | 0 | 1.0
-0.12897393107414246 | 0 | 1.0
Total reward: 10.0
5.4, 5.4, 5.4, 5.4, 5.4, 5.4, 5.4, 5.4, 5.4, 5.4
parameter ends

state | action | reward
[-0.03] | 0 | 1.0
-0.027164628729224205 | 0 | 1.0
-0.031044961884617805 | 0 | 1.0
-0.03881623223423958 | 0 | 1.0
-0.050480589270591736 | 0 | 1.0
-0.06604176014661789 | 0 | 1.0
-0.08550471067428589 | 0 | 1.0
-0.10887511074542999 | 0 | 1.0
-0.13615857064723969 | 0 | 1.0
-0.1673596203327179 | 0 | 1.0
Total reward: 10.0
5.4, 5.4, 5.4, 5.4, 5.4, 5.4, 5.4, 5.4, 5.4, 5.4
parameter ends

state | action | reward
[-0.03] | 0 | 1.0
-0.03241734579205513 | 0 | 1.0
-0.03642649203538895 | 0 | 1.0
-0.04434197023510933 | 0 | 1.0
-0.056165214627981186 | 0 | 1.0
-0.07189901918172836 | 0 | 1.0
-0.09154713153839111 | 0 | 1.0
-0.11511366814374924 | 0 | 1.0
-0.14260223507881165 | 0 | 1.0
Total reward: 9.0
5.4, 5.4, 5.4, 5.4, 5.4, 5.4, 5.4, 5.4, 5.4, 5.4
parameter ends

state | action | reward
[0.02] | 0 | 1.0
0.015710461884737015 | 0 | 1.0
0.012186338193714619 | 0 | 1.0
0.00474639143794775 | 0 | 1.0
-0.006610776763409376 | 0 | 1.0
-0.02188761718571186 | 0 | 1.0
-0.04108715057373047 | 0 | 1.0
-0.06421221792697906 | 0 | 1.0
Total reward: 8.0
5.4, 5.4, 5.4, 5.4, 5.4, 5.4, 5.4, 5.4, 5.4, 5.4
parameter ends

state | action | reward
[0.04] | 0 | 1.0
0.042003389447927475 | 0 | 1.0
0.039033498615026474 | 0 | 1.0
0.03215952217578888 | 0 | 1.0
0.021379875019192696 | 0 | 1.0
0.006691569462418556 | 0 | 1.0
-0.011909362860023975 | 0 | 1.0
-0.034427281469106674 | 0 | 1.0
-0.06086608022451401 | 0 | 1.0
Total reward: 9.0
5.4, 5.4, 5.4, 5.4, 5.4, 5.4, 5.4, 5.4, 5.4, 5.4
parameter ends

state | action | reward
[0.01] | 0 | 1.0
0.013141382485628128 | 0 | 1.0
0.00862251129001379 | 0 | 1.0
0.00019429821986705065 | 0 | 1.0
-0.012144790962338448 | 0 | 1.0
-0.028397539630532265 | 0 | 1.0
-0.04856754466891289 | 0 | 1.0
-0.07265854626893997 | 0 | 1.0
-0.10067352652549744 | 0 | 1.0
Total reward: 9.0
5.4, 5.4, 5.4, 5.4, 5.4, 5.4, 5.4, 5.4, 5.4, 5.4
parameter ends

state | action | reward
[0.04] | 0 | 1.0
0.03943736478686333 | 0 | 1.0
0.03582566976547241 | 0 | 1.0
0.028326692059636116 | 0 | 1.0
0.01693878322839737 | 0 | 1.0
0.0016585828270763159 | 0 | 1.0
-0.01751868985593319 | 0 | 1.0
-0.0405987873673439 | 0 | 1.0
-0.06758778542280197 | 0 | 1.0
-0.09849119931459427 | 0 | 1.0
-0.13331280648708344 | 0 | 1.0
Total reward: 11.0
5.4, 5.4, 5.4, 5.4, 5.4, 5.4, 5.4, 5.4, 5.4, 5.4
parameter ends

state | action | reward
[-0.04] | 0 | 1.0
-0.03748900815844536 | 0 | 1.0
-0.041973646730184555 | 0 | 1.0
-0.05037223547697067 | 0 | 1.0
-0.06268587708473206 | 0 | 1.0
-0.07891686260700226 | 0 | 1.0
-0.0990682914853096 | 0 | 1.0
-0.12314335256814957 | 0 | 1.0
-0.15114445984363556 | 0 | 1.0
Total reward: 9.0
5.4, 5.4, 5.4, 5.4, 5.4, 5.4, 5.4, 5.4, 5.4, 5.4
parameter ends

state | action | reward
[0.] | 0 | 1.0
0.0011877391953021288 | 0 | 1.0
-0.0036231856793165207 | 0 | 1.0
-0.012340324930846691 | 0 | 1.0
-0.024965088814496994 | 0 | 1.0
-0.04150025174021721 | 0 | 1.0
-0.06194956228137016 | 0 | 1.0
-0.08631714433431625 | 0 | 1.0
-0.11460662633180618 | 0 | 1.0
Total reward: 9.0
5.4, 5.4, 5.4, 5.4, 5.4, 5.4, 5.4, 5.4, 5.4, 5.4
parameter ends

state | action | reward
[-0.02] | 0 | 1.0
-0.01716589368879795 | 0 | 1.0
-0.021033214405179024 | 0 | 1.0
-0.028810959309339523 | 0 | 1.0
-0.04050064459443092 | 0 | 1.0
-0.05610501021146774 | 0 | 1.0
-0.07562756538391113 | 0 | 1.0
-0.0990719124674797 | 0 | 1.0
-0.12644080817699432 | 0 | 1.0
Total reward: 9.0
5.4, 5.4, 5.4, 5.4, 5.4, 5.4, 5.4, 5.4, 5.4, 5.4
parameter ends

state | action | reward
[-0.03] | 0 | 1.0
-0.031706999987363815 | 0 | 1.0
-0.035289473831653595 | 0 | 1.0
-0.04277947172522545 | 0 | 1.0
-0.05417829006910324 | 0 | 1.0
-0.06948857009410858 | 0 | 1.0
-0.08871393650770187 | 0 | 1.0
-0.11185834556818008 | 0 | 1.0
-0.13892528414726257 | 0 | 1.0
Total reward: 9.0
