5.0, 5.0, 5.0, 5.0, 5.0, 5.0, 5.0, 5.0, 5.0, 5.0
parameter ends

state | action | reward
[-0.03] | 0 | 1.0
-0.031671229749917984 | 0 | 1.0
-0.035034697502851486 | 0 | 1.0
-0.04229116812348366 | 0 | 1.0
-0.05344225838780403 | 0 | 1.0
-0.06849119812250137 | 0 | 1.0
-0.08744253218173981 | 0 | 1.0
-0.11030160635709763 | 0 | 1.0
-0.13707387447357178 | 0 | 1.0
-0.16776391863822937 | 0 | 1.0
Total reward: 10.0
5.0, 5.0, 5.0, 5.0, 5.0, 5.0, 5.0, 5.0, 5.0, 5.0
parameter ends

state | action | reward
[-0.04] | 0 | 1.0
-0.03733574599027634 | 0 | 1.0
-0.0410810150206089 | 0 | 1.0
-0.04871491342782974 | 0 | 1.0
-0.060239244252443314 | 0 | 1.0
-0.07565747201442719 | 0 | 1.0
-0.09497442841529846 | 0 | 1.0
-0.11819584667682648 | 0 | 1.0
-0.1453276425600052 | 0 | 1.0
-0.17637504637241364 | 0 | 1.0
-0.21134130656719208 | 0 | 1.0
Total reward: 11.0
5.0, 5.0, 5.0, 5.0, 5.0, 5.0, 5.0, 5.0, 5.0, 5.0
parameter ends

state | action | reward
[-0.04] | 0 | 1.0
-0.03505919501185417 | 0 | 1.0
-0.03801969438791275 | 0 | 1.0
-0.044872015714645386 | 0 | 1.0
-0.05561769753694534 | 0 | 1.0
-0.0702599361538887 | 0 | 1.0
-0.08880327641963959 | 0 | 1.0
-0.11125312000513077 | 0 | 1.0
-0.13761506974697113 | 0 | 1.0
-0.16789397597312927 | 0 | 1.0
Total reward: 10.0
5.0, 5.0, 5.0, 5.0, 5.0, 5.0, 5.0, 5.0, 5.0, 5.0
parameter ends

state | action | reward
[0.02] | 0 | 1.0
0.018616413697600365 | 0 | 1.0
0.015531829558312893 | 0 | 1.0
0.008551642298698425 | 0 | 1.0
-0.0023261774331331253 | 0 | 1.0
-0.017105167731642723 | 0 | 1.0
-0.03579000383615494 | 0 | 1.0
-0.058385927230119705 | 0 | 1.0
-0.0848979577422142 | 0 | 1.0
-0.115329809486866 | 0 | 1.0
Total reward: 10.0
5.0, 5.0, 5.0, 5.0, 5.0, 5.0, 5.0, 5.0, 5.0, 5.0
parameter ends

state | action | reward
[0.05] | 0 | 1.0
0.0491403304040432 | 0 | 1.0
0.04577082768082619 | 0 | 1.0
0.03848918899893761 | 0 | 1.0
0.027294134721159935 | 0 | 1.0
0.012183167040348053 | 0 | 1.0
-0.006846999283879995 | 0 | 1.0
-0.02979978173971176 | 0 | 1.0
-0.05667780339717865 | 0 | 1.0
Total reward: 9.0
5.0, 5.0, 5.0, 5.0, 5.0, 5.0, 5.0, 5.0, 5.0, 5.0
parameter ends

state | action | reward
[0.03] | 0 | 1.0
0.02606826275587082 | 0 | 1.0
0.022370440885424614 | 0 | 1.0
0.014765433967113495 | 0 | 1.0
0.003251541405916214 | 0 | 1.0
-0.012174217030405998 | 0 | 1.0
-0.031515661627054214 | 0 | 1.0
-0.054776791483163834 | 0 | 1.0
-0.08196087181568146 | 0 | 1.0
Total reward: 9.0
5.0, 5.0, 5.0, 5.0, 5.0, 5.0, 5.0, 5.0, 5.0, 5.0
parameter ends

state | action | reward
[-0.01] | 0 | 1.0
-0.01437537744641304 | 0 | 1.0
-0.01843089610338211 | 0 | 1.0
-0.0263952799141407 | 0 | 1.0
-0.03826978802680969 | 0 | 1.0
-0.05405700206756592 | 0 | 1.0
-0.07376042753458023 | 0 | 1.0
-0.09738389402627945 | 0 | 1.0
-0.12493065744638443 | 0 | 1.0
Total reward: 9.0
5.0, 5.0, 5.0, 5.0, 5.0, 5.0, 5.0, 5.0, 5.0, 5.0
parameter ends

state | action | reward
[-0.05] | 0 | 1.0
-0.04749611020088196 | 0 | 1.0
-0.050654154270887375 | 0 | 1.0
-0.05770951136946678 | 0 | 1.0
-0.06866372376680374 | 0 | 1.0
-0.08351989090442657 | 0 | 1.0
-0.10228230804204941 | 0 | 1.0
-0.12495596706867218 | 0 | 1.0
-0.15154579281806946 | 0 | 1.0
-0.18205563724040985 | 0 | 1.0
Total reward: 10.0
5.0, 5.0, 5.0, 5.0, 5.0, 5.0, 5.0, 5.0, 5.0, 5.0
parameter ends

state | action | reward
[-0.] | 0 | 1.0
-0.005894090048968792 | 0 | 1.0
-0.010680845007300377 | 0 | 1.0
-0.019359765574336052 | 0 | 1.0
-0.031932566314935684 | 0 | 1.0
-0.0484025776386261 | 0 | 1.0
-0.06877444684505463 | 0 | 1.0
-0.09305360913276672 | 0 | 1.0
-0.1212456002831459 | 0 | 1.0
-0.15335509181022644 | 0 | 1.0
Total reward: 10.0
5.0, 5.0, 5.0, 5.0, 5.0, 5.0, 5.0, 5.0, 5.0, 5.0
parameter ends

state | action | reward
[-0.01] | 0 | 1.0
-0.006544855888932943 | 0 | 1.0
-0.009731135331094265 | 0 | 1.0
-0.016813185065984726 | 0 | 1.0
-0.02779291942715645 | 0 | 1.0
-0.042673781514167786 | 0 | 1.0
-0.06146036833524704 | 0 | 1.0
-0.08415789157152176 | 0 | 1.0
-0.11077137291431427 | 0 | 1.0
-0.141304612159729 | 0 | 1.0
Total reward: 10.0
5.0, 5.0, 5.0, 5.0, 5.0, 5.0, 5.0, 5.0, 5.0, 5.0
parameter ends

state | action | reward
[-0.03] | 0 | 1.0
-0.02548578567802906 | 0 | 1.0
-0.028411375358700752 | 0 | 1.0
-0.03524729236960411 | 0 | 1.0
-0.045995041728019714 | 0 | 1.0
-0.06065736711025238 | 0 | 1.0
-0.07923777401447296 | 0 | 1.0
-0.10173988342285156 | 0 | 1.0
-0.12816649675369263 | 0 | 1.0
Total reward: 9.0
5.0, 5.0, 5.0, 5.0, 5.0, 5.0, 5.0, 5.0, 5.0, 5.0
parameter ends

state | action | reward
[0.01] | 0 | 1.0
0.006684414576739073 | 0 | 1.0
0.003564066020771861 | 0 | 1.0
-0.003454226767644286 | 0 | 1.0
-0.014372067525982857 | 0 | 1.0
-0.029192589223384857 | 0 | 1.0
-0.0479201041162014 | 0 | 1.0
-0.070559561252594 | 0 | 1.0
-0.09711578488349915 | 0 | 1.0
-0.12759242951869965 | 0 | 1.0
Total reward: 10.0
5.0, 5.0, 5.0, 5.0, 5.0, 5.0, 5.0, 5.0, 5.0, 5.0
parameter ends

state | action | reward
[0.04] | 0 | 1.0
0.041415873914957047 | 0 | 1.0
0.03729671612381935 | 0 | 1.0
0.02927614375948906 | 0 | 1.0
0.017352405935525894 | 0 | 1.0
0.001522325910627842 | 0 | 1.0
-0.018218308687210083 | 0 | 1.0
-0.041874147951602936 | 0 | 1.0
-0.06944943964481354 | 0 | 1.0
Total reward: 9.0
5.0, 5.0, 5.0, 5.0, 5.0, 5.0, 5.0, 5.0, 5.0, 5.0
parameter ends

state | action | reward
[0.05] | 0 | 1.0
0.04693949967622757 | 0 | 1.0
0.043692123144865036 | 0 | 1.0
0.03655483201146126 | 0 | 1.0
0.025526005774736404 | 0 | 1.0
0.010602355003356934 | 0 | 1.0
-0.008220788091421127 | 0 | 1.0
-0.03094899095594883 | 0 | 1.0
-0.05758805572986603 | 0 | 1.0
-0.08814310282468796 | 0 | 1.0
-0.12261732667684555 | 0 | 1.0
Total reward: 11.0
5.0, 5.0, 5.0, 5.0, 5.0, 5.0, 5.0, 5.0, 5.0, 5.0
parameter ends

state | action | reward
[-0.01] | 0 | 1.0
-0.013392514549195766 | 0 | 1.0
-0.016743803396821022 | 0 | 1.0
-0.023983050137758255 | 0 | 1.0
-0.03511196747422218 | 0 | 1.0
-0.05013395473361015 | 0 | 1.0
-0.06905381381511688 | 0 | 1.0
-0.0918772742152214 | 0 | 1.0
-0.11861034482717514 | 0 | 1.0
-0.14925840497016907 | 0 | 1.0
-0.18382497131824493 | 0 | 1.0
Total reward: 11.0
5.0, 5.0, 5.0, 5.0, 5.0, 5.0, 5.0, 5.0, 5.0, 5.0
parameter ends

state | action | reward
[0.] | 0 | 1.0
0.00376621400937438 | 0 | 1.0
0.00025517179165035486 | 0 | 1.0
-0.0071613118052482605 | 0 | 1.0
-0.01848476566374302 | 0 | 1.0
-0.03371807932853699 | 0 | 1.0
-0.05286511406302452 | 0 | 1.0
-0.07593007385730743 | 0 | 1.0
-0.1029166653752327 | 0 | 1.0
Total reward: 9.0
5.0, 5.0, 5.0, 5.0, 5.0, 5.0, 5.0, 5.0, 5.0, 5.0
parameter ends

state | action | reward
[-0.02] | 0 | 1.0
-0.020360616967082024 | 0 | 1.0
-0.02363988757133484 | 0 | 1.0
-0.030814282596111298 | 0 | 1.0
-0.0418856143951416 | 0 | 1.0
-0.05685724690556526 | 0 | 1.0
-0.07573375105857849 | 0 | 1.0
-0.09852035343647003 | 0 | 1.0
-0.12522222101688385 | 0 | 1.0
-0.1558433622121811 | 0 | 1.0
Total reward: 10.0
5.0, 5.0, 5.0, 5.0, 5.0, 5.0, 5.0, 5.0, 5.0, 5.0
parameter ends

state | action | reward
[-0.03] | 0 | 1.0
-0.026706388220191002 | 0 | 1.0
-0.030684595927596092 | 0 | 1.0
-0.03857206925749779 | 0 | 1.0
-0.050370097160339355 | 0 | 1.0
-0.06608127057552338 | 0 | 1.0
-0.0857090950012207 | 0 | 1.0
-0.10925732553005219 | 0 | 1.0
-0.1367291510105133 | 0 | 1.0
Total reward: 9.0
5.0, 5.0, 5.0, 5.0, 5.0, 5.0, 5.0, 5.0, 5.0, 5.0
parameter ends

state | action | reward
[0.01] | 0 | 1.0
0.014337293803691864 | 0 | 1.0
0.011354540474712849 | 0 | 1.0
0.004459490068256855 | 0 | 1.0
-0.006349178031086922 | 0 | 1.0
-0.02107398770749569 | 0 | 1.0
-0.039718225598335266 | 0 | 1.0
-0.06228528544306755 | 0 | 1.0
-0.08877772092819214 | 0 | 1.0
Total reward: 9.0
5.0, 5.0, 5.0, 5.0, 5.0, 5.0, 5.0, 5.0, 5.0, 5.0
parameter ends

state | action | reward
[-0.03] | 0 | 1.0
-0.02486102096736431 | 0 | 1.0
-0.028423000127077103 | 0 | 1.0
-0.035893235355615616 | 0 | 1.0
-0.047273337841033936 | 0 | 1.0
-0.06256618350744247 | 0 | 1.0
-0.0817754864692688 | 0 | 1.0
-0.10490511357784271 | 0 | 1.0
-0.13195818662643433 | 0 | 1.0
Total reward: 9.0
