5.0, 5.0, 5.0, 5.0, 5.0, 5.0, 5.0, 5.0, 5.0, 5.0
parameter ends

state | action | reward
[-0.] | 0 | 1.0
-0.0008785773534327745 | 0 | 1.0
-0.005410108715295792 | 0 | 1.0
-0.013841483741998672 | 0 | 1.0
-0.02617461606860161 | 0 | 1.0
-0.042412854731082916 | 0 | 1.0
-0.06256058812141418 | 0 | 1.0
-0.08662263303995132 | 0 | 1.0
-0.1146034225821495 | 0 | 1.0
Total reward: 9.0
5.0, 5.0, 5.0, 5.0, 5.0, 5.0, 5.0, 5.0, 5.0, 5.0
parameter ends

state | action | reward
[-0.04] | 0 | 1.0
-0.04332084208726883 | 0 | 1.0
-0.04718726873397827 | 0 | 1.0
-0.054945457726716995 | 0 | 1.0
-0.06659740209579468 | 0 | 1.0
-0.08214669674634933 | 0 | 1.0
-0.10159818083047867 | 0 | 1.0
-0.12495740503072739 | 0 | 1.0
-0.152229905128479 | 0 | 1.0
-0.18342021107673645 | 0 | 1.0
Total reward: 10.0
5.0, 5.0, 5.0, 5.0, 5.0, 5.0, 5.0, 5.0, 5.0, 5.0
parameter ends

state | action | reward
[-0.05] | 0 | 1.0
-0.047599583864212036 | 0 | 1.0
-0.052381645888090134 | 0 | 1.0
-0.06107497215270996 | 0 | 1.0
-0.07368098199367523 | 0 | 1.0
-0.09020229429006577 | 0 | 1.0
-0.11064232885837555 | 0 | 1.0
-0.13500459492206573 | 0 | 1.0
-0.16329176723957062 | 0 | 1.0
Total reward: 9.0
5.0, 5.0, 5.0, 5.0, 5.0, 5.0, 5.0, 5.0, 5.0, 5.0
parameter ends

state | action | reward
[-0.] | 0 | 1.0
6.142416623333702e-06 | 0 | 1.0
-0.002936284989118576 | 0 | 1.0
-0.00978351291269064 | 0 | 1.0
-0.02053697593510151 | 0 | 1.0
-0.03519950807094574 | 0 | 1.0
-0.05377495661377907 | 0 | 1.0
-0.07626759260892868 | 0 | 1.0
-0.10268127918243408 | 0 | 1.0
Total reward: 9.0
5.0, 5.0, 5.0, 5.0, 5.0, 5.0, 5.0, 5.0, 5.0, 5.0
parameter ends

state | action | reward
[-0.03] | 0 | 1.0
-0.03160151466727257 | 0 | 1.0
-0.03603501617908478 | 0 | 1.0
-0.044380031526088715 | 0 | 1.0
-0.05663815513253212 | 0 | 1.0
-0.07281213998794556 | 0 | 1.0
-0.0929054468870163 | 0 | 1.0
-0.11692151427268982 | 0 | 1.0
Total reward: 8.0
5.0, 5.0, 5.0, 5.0, 5.0, 5.0, 5.0, 5.0, 5.0, 5.0
parameter ends

state | action | reward
[-0.04] | 0 | 1.0
-0.042747244238853455 | 0 | 1.0
-0.047120701521635056 | 0 | 1.0
-0.055397000163793564 | 0 | 1.0
-0.06757762283086777 | 0 | 1.0
-0.08366548269987106 | 0 | 1.0
-0.10366456210613251 | 0 | 1.0
-0.12757934629917145 | 0 | 1.0
-0.15541397035121918 | 0 | 1.0
Total reward: 9.0
5.0, 5.0, 5.0, 5.0, 5.0, 5.0, 5.0, 5.0, 5.0, 5.0
parameter ends

state | action | reward
[0.] | 0 | 1.0
0.0032984809949994087 | 0 | 1.0
0.00020107698219362646 | 0 | 1.0
-0.006788714323192835 | 0 | 1.0
-0.017672890797257423 | 0 | 1.0
-0.03245503082871437 | 0 | 1.0
-0.051139947026968 | 0 | 1.0
-0.0737331435084343 | 0 | 1.0
-0.1002400740981102 | 0 | 1.0
-0.1306651532649994 | 0 | 1.0
Total reward: 10.0
5.0, 5.0, 5.0, 5.0, 5.0, 5.0, 5.0, 5.0, 5.0, 5.0
parameter ends

state | action | reward
[0.02] | 0 | 1.0
0.021476486697793007 | 0 | 1.0
0.01814972795546055 | 0 | 1.0
0.010909673757851124 | 0 | 1.0
-0.0002449042221996933 | 0 | 1.0
-0.015316425822675228 | 0 | 1.0
-0.034308068454265594 | 0 | 1.0
-0.05722310021519661 | 0 | 1.0
Total reward: 8.0
5.0, 5.0, 5.0, 5.0, 5.0, 5.0, 5.0, 5.0, 5.0, 5.0
parameter ends

state | action | reward
[-0.05] | 0 | 1.0
-0.046006735414266586 | 0 | 1.0
-0.05056772381067276 | 0 | 1.0
-0.059018149971961975 | 0 | 1.0
-0.07135990262031555 | 0 | 1.0
-0.08759652078151703 | 0 | 1.0
-0.107732854783535 | 0 | 1.0
-0.13177460432052612 | 0 | 1.0
-0.15972760319709778 | 0 | 1.0
-0.1915968656539917 | 0 | 1.0
Total reward: 10.0
5.0, 5.0, 5.0, 5.0, 5.0, 5.0, 5.0, 5.0, 5.0, 5.0
parameter ends

state | action | reward
[-0.02] | 0 | 1.0
-0.01851782202720642 | 0 | 1.0
-0.02157002128660679 | 0 | 1.0
-0.02851952239871025 | 0 | 1.0
-0.03936825320124626 | 0 | 1.0
-0.05411963537335396 | 0 | 1.0
-0.07277820259332657 | 0 | 1.0
-0.0953490361571312 | 0 | 1.0
-0.12183692306280136 | 0 | 1.0
-0.15224532783031464 | 0 | 1.0
Total reward: 10.0
5.0, 5.0, 5.0, 5.0, 5.0, 5.0, 5.0, 5.0, 5.0, 5.0
parameter ends

state | action | reward
[0.02] | 0 | 1.0
0.024643028154969215 | 0 | 1.0
0.020600682124495506 | 0 | 1.0
0.012667907401919365 | 0 | 1.0
0.0008428444853052497 | 0 | 1.0
-0.014878001064062119 | 0 | 1.0
-0.03449943661689758 | 0 | 1.0
-0.05802707374095917 | 0 | 1.0
-0.08546663820743561 | 0 | 1.0
-0.1168229952454567 | 0 | 1.0
Total reward: 10.0
5.0, 5.0, 5.0, 5.0, 5.0, 5.0, 5.0, 5.0, 5.0, 5.0
parameter ends

state | action | reward
[0.01] | 0 | 1.0
0.006984827574342489 | 0 | 1.0
0.0026726997457444668 | 0 | 1.0
-0.005536082200706005 | 0 | 1.0
-0.01764298789203167 | 0 | 1.0
-0.03365105763077736 | 0 | 1.0
-0.053564585745334625 | 0 | 1.0
-0.07738859206438065 | 0 | 1.0
-0.10512810200452805 | 0 | 1.0
-0.13678716123104095 | 0 | 1.0
Total reward: 10.0
5.0, 5.0, 5.0, 5.0, 5.0, 5.0, 5.0, 5.0, 5.0, 5.0
parameter ends

state | action | reward
[-0.05] | 0 | 1.0
-0.04575985670089722 | 0 | 1.0
-0.04884316772222519 | 0 | 1.0
-0.05584137514233589 | 0 | 1.0
-0.06675587594509125 | 0 | 1.0
-0.08158917725086212 | 0 | 1.0
-0.10034436732530594 | 0 | 1.0
-0.12302444875240326 | 0 | 1.0
Total reward: 8.0
5.0, 5.0, 5.0, 5.0, 5.0, 5.0, 5.0, 5.0, 5.0, 5.0
parameter ends

state | action | reward
[0.02] | 0 | 1.0
0.0168857853859663 | 0 | 1.0
0.013589025475084782 | 0 | 1.0
0.0063917567022144794 | 0 | 1.0
-0.004707968793809414 | 0 | 1.0
-0.01971350982785225 | 0 | 1.0
-0.03862923011183739 | 0 | 1.0
-0.06145989149808884 | 0 | 1.0
-0.08820979297161102 | 0 | 1.0
Total reward: 9.0
5.0, 5.0, 5.0, 5.0, 5.0, 5.0, 5.0, 5.0, 5.0, 5.0
parameter ends

state | action | reward
[-0.03] | 0 | 1.0
-0.02864762954413891 | 0 | 1.0
-0.03265393152832985 | 0 | 1.0
-0.040547702461481094 | 0 | 1.0
-0.05233081430196762 | 0 | 1.0
-0.06800681352615356 | 0 | 1.0
-0.0875806212425232 | 0 | 1.0
-0.1110580712556839 | 0 | 1.0
-0.1384451985359192 | 0 | 1.0
-0.16974738240242004 | 0 | 1.0
-0.20496805012226105 | 0 | 1.0
Total reward: 11.0
5.0, 5.0, 5.0, 5.0, 5.0, 5.0, 5.0, 5.0, 5.0, 5.0
parameter ends

state | action | reward
[-0.01] | 0 | 1.0
-0.005944556090980768 | 0 | 1.0
-0.01039432268589735 | 0 | 1.0
-0.018756292760372162 | 0 | 1.0
-0.031031981110572815 | 0 | 1.0
-0.04722405970096588 | 0 | 1.0
-0.06733589619398117 | 0 | 1.0
-0.0913708508014679 | 0 | 1.0
Total reward: 8.0
5.0, 5.0, 5.0, 5.0, 5.0, 5.0, 5.0, 5.0, 5.0, 5.0
parameter ends

state | action | reward
[0.05] | 0 | 1.0
0.044584572315216064 | 0 | 1.0
0.039974719285964966 | 0 | 1.0
0.031473707407712936 | 0 | 1.0
0.01907964237034321 | 0 | 1.0
0.002789007965475321 | 0 | 1.0
-0.017402993515133858 | 0 | 1.0
-0.04150193929672241 | 0 | 1.0
-0.06951345503330231 | 0 | 1.0
-0.10144225507974625 | 0 | 1.0
Total reward: 10.0
5.0, 5.0, 5.0, 5.0, 5.0, 5.0, 5.0, 5.0, 5.0, 5.0
parameter ends

state | action | reward
[-0.02] | 0 | 1.0
-0.014870885759592056 | 0 | 1.0
-0.0181654691696167 | 0 | 1.0
-0.0253496915102005 | 0 | 1.0
-0.03642529621720314 | 0 | 1.0
-0.05139569565653801 | 0 | 1.0
-0.07026565074920654 | 0 | 1.0
-0.09304079413414001 | 0 | 1.0
-0.11972695589065552 | 0 | 1.0
-0.15032920241355896 | 0 | 1.0
Total reward: 10.0
5.0, 5.0, 5.0, 5.0, 5.0, 5.0, 5.0, 5.0, 5.0, 5.0
parameter ends

state | action | reward
[-0.] | 0 | 1.0
-0.004024566616863012 | 0 | 1.0
-0.008598878979682922 | 0 | 1.0
-0.017075616866350174 | 0 | 1.0
-0.029456159099936485 | 0 | 1.0
-0.045743346214294434 | 0 | 1.0
-0.06594113260507584 | 0 | 1.0
-0.09005401283502579 | 0 | 1.0
-0.11808624863624573 | 0 | 1.0
-0.15004079043865204 | 0 | 1.0
Total reward: 10.0
5.0, 5.0, 5.0, 5.0, 5.0, 5.0, 5.0, 5.0, 5.0, 5.0
parameter ends

state | action | reward
[0.02] | 0 | 1.0
0.015162565745413303 | 0 | 1.0
0.010870466008782387 | 0 | 1.0
0.0026850514113903046 | 0 | 1.0
-0.009395732544362545 | 0 | 1.0
-0.0253754910081625 | 0 | 1.0
-0.0452590249478817 | 0 | 1.0
-0.06905177980661392 | 0 | 1.0
-0.09675908833742142 | 0 | 1.0
-0.12838509678840637 | 0 | 1.0
Total reward: 10.0
