5.9, 5.9, 5.9, 5.9, 5.9, 5.9, 5.9, 5.9, 5.9, 5.9
parameter ends

state | action | reward
[0.] | 0 | 1.0
0.0033512054942548275 | 0 | 1.0
-0.0008764753001742065 | 0 | 1.0
-0.00900685228407383 | 0 | 1.0
-0.02104146219789982 | 0 | 1.0
-0.036983270198106766 | 0 | 1.0
-0.05683629959821701 | 0 | 1.0
-0.08060504496097565 | 0 | 1.0
-0.10829365998506546 | 0 | 1.0
Total reward: 9.0
5.9, 5.9, 5.9, 5.9, 5.9, 5.9, 5.9, 5.9, 5.9, 5.9
parameter ends

state | action | reward
[-0.04] | 0 | 1.0
-0.03836427256464958 | 0 | 1.0
-0.04310697317123413 | 0 | 1.0
-0.051763828843832016 | 0 | 1.0
-0.06433626264333725 | 0 | 1.0
-0.08082680404186249 | 0 | 1.0
-0.10123864561319351 | 0 | 1.0
-0.12557487189769745 | 0 | 1.0
Total reward: 8.0
5.9, 5.9, 5.9, 5.9, 5.9, 5.9, 5.9, 5.9, 5.9, 5.9
parameter ends

state | action | reward
[0.02] | 0 | 1.0
0.021072320640087128 | 0 | 1.0
0.01651538908481598 | 0 | 1.0
0.00805931817740202 | 0 | 1.0
-0.0042978739365935326 | 0 | 1.0
-0.020559607073664665 | 0 | 1.0
-0.040730345994234085 | 0 | 1.0
-0.0648149847984314 | 0 | 1.0
-0.09281804412603378 | 0 | 1.0
-0.12474248558282852 | 0 | 1.0
Total reward: 10.0
5.9, 5.9, 5.9, 5.9, 5.9, 5.9, 5.9, 5.9, 5.9, 5.9
parameter ends

state | action | reward
[0.04] | 0 | 1.0
0.038057271391153336 | 0 | 1.0
0.034401293843984604 | 0 | 1.0
0.02683352306485176 | 0 | 1.0
0.015352770686149597 | 0 | 1.0
-4.3391406506998464e-05 | 0 | 1.0
-0.019358236342668533 | 0 | 1.0
-0.042595233768224716 | 0 | 1.0
-0.06975716352462769 | 0 | 1.0
Total reward: 9.0
5.9, 5.9, 5.9, 5.9, 5.9, 5.9, 5.9, 5.9, 5.9, 5.9
parameter ends

state | action | reward
[-0.04] | 0 | 1.0
-0.04062417894601822 | 0 | 1.0
-0.044296253472566605 | 0 | 1.0
-0.05186261236667633 | 0 | 1.0
-0.06332508474588394 | 0 | 1.0
-0.07868704944849014 | 0 | 1.0
-0.09795312583446503 | 0 | 1.0
-0.1211286187171936 | 0 | 1.0
-0.1482187956571579 | 0 | 1.0
-0.179227814078331 | 0 | 1.0
Total reward: 10.0
5.9, 5.9, 5.9, 5.9, 5.9, 5.9, 5.9, 5.9, 5.9, 5.9
parameter ends

state | action | reward
[-0.01] | 0 | 1.0
-0.014639908447861671 | 0 | 1.0
-0.018708951771259308 | 0 | 1.0
-0.026684345677495003 | 0 | 1.0
-0.03856741264462471 | 0 | 1.0
-0.054360855370759964 | 0 | 1.0
-0.07406836748123169 | 0 | 1.0
-0.09769405424594879 | 0 | 1.0
-0.12524157762527466 | 0 | 1.0
Total reward: 9.0
5.9, 5.9, 5.9, 5.9, 5.9, 5.9, 5.9, 5.9, 5.9, 5.9
parameter ends

state | action | reward
[-0.01] | 0 | 1.0
-0.00969268474727869 | 0 | 1.0
-0.014282893389463425 | 0 | 1.0
-0.022762930020689964 | 0 | 1.0
-0.035134583711624146 | 0 | 1.0
-0.0514012947678566 | 0 | 1.0
-0.0715678408741951 | 0 | 1.0
-0.09563986212015152 | 0 | 1.0
-0.12362315505743027 | 0 | 1.0
-0.15552273392677307 | 0 | 1.0
Total reward: 10.0
5.9, 5.9, 5.9, 5.9, 5.9, 5.9, 5.9, 5.9, 5.9, 5.9
parameter ends

state | action | reward
[0.02] | 0 | 1.0
0.015937048941850662 | 0 | 1.0
0.011898958124220371 | 0 | 1.0
0.003969521727412939 | 0 | 1.0
-0.00785299576818943 | 0 | 1.0
-0.023571966215968132 | 0 | 1.0
-0.04319207742810249 | 0 | 1.0
-0.06671883910894394 | 0 | 1.0
-0.094157874584198 | 0 | 1.0
-0.1255139857530594 | 0 | 1.0
Total reward: 10.0
5.9, 5.9, 5.9, 5.9, 5.9, 5.9, 5.9, 5.9, 5.9, 5.9
parameter ends

state | action | reward
[-0.01] | 0 | 1.0
-0.009547594003379345 | 0 | 1.0
-0.012790042906999588 | 0 | 1.0
-0.01993574947118759 | 0 | 1.0
-0.030986551195383072 | 0 | 1.0
-0.04594564810395241 | 0 | 1.0
-0.06481718271970749 | 0 | 1.0
-0.08760561048984528 | 0 | 1.0
-0.11431483179330826 | 0 | 1.0
Total reward: 9.0
5.9, 5.9, 5.9, 5.9, 5.9, 5.9, 5.9, 5.9, 5.9, 5.9
parameter ends

state | action | reward
[-0.05] | 0 | 1.0
-0.048009201884269714 | 0 | 1.0
-0.052151888608932495 | 0 | 1.0
-0.06018854305148125 | 0 | 1.0
-0.07212116569280624 | 0 | 1.0
-0.08795330673456192 | 0 | 1.0
-0.10768970847129822 | 0 | 1.0
-0.13133575022220612 | 0 | 1.0
-0.15889669954776764 | 0 | 1.0
-0.19037660956382751 | 0 | 1.0
Total reward: 10.0
5.9, 5.9, 5.9, 5.9, 5.9, 5.9, 5.9, 5.9, 5.9, 5.9
parameter ends

state | action | reward
[0.01] | 0 | 1.0
0.007505691144615412 | 0 | 1.0
0.004140966571867466 | 0 | 1.0
-0.003115401603281498 | 0 | 1.0
-0.014265501871705055 | 0 | 1.0
-0.02931300364434719 | 0 | 1.0
-0.04826280474662781 | 0 | 1.0
-0.0711204931139946 | 0 | 1.0
-0.09789161384105682 | 0 | 1.0
-0.12858061492443085 | 0 | 1.0
Total reward: 10.0
5.9, 5.9, 5.9, 5.9, 5.9, 5.9, 5.9, 5.9, 5.9, 5.9
parameter ends

state | action | reward
[-0.] | 0 | 1.0
-0.002741706557571888 | 0 | 1.0
-0.007470128126442432 | 0 | 1.0
-0.016103090718388557 | 0 | 1.0
-0.028642132878303528 | 0 | 1.0
-0.04509017616510391 | 0 | 1.0
-0.06545114517211914 | 0 | 1.0
-0.08972933143377304 | 0 | 1.0
-0.11792860180139542 | 0 | 1.0
Total reward: 9.0
5.9, 5.9, 5.9, 5.9, 5.9, 5.9, 5.9, 5.9, 5.9, 5.9
parameter ends

state | action | reward
[-0.02] | 0 | 1.0
-0.020216722041368484 | 0 | 1.0
-0.024924172088503838 | 0 | 1.0
-0.03353248909115791 | 0 | 1.0
-0.046043604612350464 | 0 | 1.0
-0.062460850924253464 | 0 | 1.0
-0.08278855681419373 | 0 | 1.0
-0.1070314571261406 | 0 | 1.0
-0.13519378006458282 | 0 | 1.0
Total reward: 9.0
5.9, 5.9, 5.9, 5.9, 5.9, 5.9, 5.9, 5.9, 5.9, 5.9
parameter ends

state | action | reward
[-0.02] | 0 | 1.0
-0.022459790110588074 | 0 | 1.0
-0.025856317952275276 | 0 | 1.0
-0.03316054120659828 | 0 | 1.0
-0.04437413439154625 | 0 | 1.0
-0.059500034898519516 | 0 | 1.0
-0.07854201644659042 | 0 | 1.0
-0.10150401294231415 | 0 | 1.0
-0.12838922441005707 | 0 | 1.0
Total reward: 9.0
5.9, 5.9, 5.9, 5.9, 5.9, 5.9, 5.9, 5.9, 5.9, 5.9
parameter ends

state | action | reward
[-0.03] | 0 | 1.0
-0.03167105093598366 | 0 | 1.0
-0.03505865857005119 | 0 | 1.0
-0.042342886328697205 | 0 | 1.0
-0.053525567054748535 | 0 | 1.0
-0.0686100646853447 | 0 | 1.0
-0.08760088682174683 | 0 | 1.0
-0.1105031669139862 | 0 | 1.0
-0.1373218148946762 | 0 | 1.0
-0.1680605560541153 | 0 | 1.0
Total reward: 10.0
5.9, 5.9, 5.9, 5.9, 5.9, 5.9, 5.9, 5.9, 5.9, 5.9
parameter ends

state | action | reward
[-0.04] | 0 | 1.0
-0.04229157790541649 | 0 | 1.0
-0.0457426942884922 | 0 | 1.0
-0.05308830365538597 | 0 | 1.0
-0.06433042138814926 | 0 | 1.0
-0.07947259396314621 | 0 | 1.0
-0.09851954877376556 | 0 | 1.0
-0.12147662788629532 | 0 | 1.0
-0.14834900200366974 | 0 | 1.0
-0.17914064228534698 | 0 | 1.0
Total reward: 10.0
5.9, 5.9, 5.9, 5.9, 5.9, 5.9, 5.9, 5.9, 5.9, 5.9
parameter ends

state | action | reward
[-0.04] | 0 | 1.0
-0.03717808425426483 | 0 | 1.0
-0.040158454328775406 | 0 | 1.0
-0.04705306887626648 | 0 | 1.0
-0.057863231748342514 | 0 | 1.0
-0.0725913718342781 | 0 | 1.0
-0.09124062210321426 | 0 | 1.0
-0.1138141006231308 | 0 | 1.0
Total reward: 8.0
5.9, 5.9, 5.9, 5.9, 5.9, 5.9, 5.9, 5.9, 5.9, 5.9
parameter ends

state | action | reward
[0.03] | 0 | 1.0
0.028658553957939148 | 0 | 1.0
0.025757988914847374 | 0 | 1.0
0.018959196284413338 | 0 | 1.0
0.008260431699454784 | 0 | 1.0
-0.006341553758829832 | 0 | 1.0
-0.02485113963484764 | 0 | 1.0
-0.04727328196167946 | 0 | 1.0
-0.07361271232366562 | 0 | 1.0
-0.1038728877902031 | 0 | 1.0
Total reward: 10.0
5.9, 5.9, 5.9, 5.9, 5.9, 5.9, 5.9, 5.9, 5.9, 5.9
parameter ends

state | action | reward
[-0.01] | 0 | 1.0
-0.011046171188354492 | 0 | 1.0
-0.014809527434408665 | 0 | 1.0
-0.022488931193947792 | 0 | 1.0
-0.03408581018447876 | 0 | 1.0
-0.04960264265537262 | 0 | 1.0
-0.06904242187738419 | 0 | 1.0
-0.0924079492688179 | 0 | 1.0
Total reward: 8.0
5.9, 5.9, 5.9, 5.9, 5.9, 5.9, 5.9, 5.9, 5.9, 5.9
parameter ends

state | action | reward
[2.02e-05] | 0 | 1.0
-7.351217209361494e-05 | 0 | 1.0
-0.004056565463542938 | 0 | 1.0
-0.011929221451282501 | 0 | 1.0
-0.023693587630987167 | 0 | 1.0
-0.0393533818423748 | 0 | 1.0
-0.05891360715031624 | 0 | 1.0
-0.082380011677742 | 0 | 1.0
-0.10975838452577591 | 0 | 1.0
-0.14105355739593506 | 0 | 1.0
Total reward: 10.0
