5.5, 5.5, 5.5, 5.5, 5.5, 5.5, 5.5, 5.5, 5.5, 5.5
parameter ends

state | action | reward
[0.03] | 0 | 1.0
0.025395013391971588 | 0 | 1.0
0.020917026326060295 | 0 | 1.0
0.012525021098554134 | 0 | 1.0
0.0002176433044951409 | 0 | 1.0
-0.016007592901587486 | 0 | 1.0
-0.03615385293960571 | 0 | 1.0
-0.0602242685854435 | 0 | 1.0
Total reward: 8.0
5.5, 5.5, 5.5, 5.5, 5.5, 5.5, 5.5, 5.5, 5.5, 5.5
parameter ends

state | action | reward
[-0.01] | 0 | 1.0
-0.009350789710879326 | 0 | 1.0
-0.012318202294409275 | 0 | 1.0
-0.019178960472345352 | 0 | 1.0
-0.029934804886579514 | 0 | 1.0
-0.0445890799164772 | 0 | 1.0
-0.06314639002084732 | 0 | 1.0
-0.08561208844184875 | 0 | 1.0
-0.11199158430099487 | 0 | 1.0
-0.14228928089141846 | 0 | 1.0
Total reward: 10.0
5.5, 5.5, 5.5, 5.5, 5.5, 5.5, 5.5, 5.5, 5.5, 5.5
parameter ends

state | action | reward
[0.03] | 0 | 1.0
0.03166559338569641 | 0 | 1.0
0.027989601716399193 | 0 | 1.0
0.020407404750585556 | 0 | 1.0
0.008917240425944328 | 0 | 1.0
-0.006483949720859528 | 0 | 1.0
-0.025800080969929695 | 0 | 1.0
-0.04903527349233627 | 0 | 1.0
-0.0761929303407669 | 0 | 1.0
Total reward: 9.0
5.5, 5.5, 5.5, 5.5, 5.5, 5.5, 5.5, 5.5, 5.5, 5.5
parameter ends

state | action | reward
[-0.03] | 0 | 1.0
-0.0344235897064209 | 0 | 1.0
-0.038002971559762955 | 0 | 1.0
-0.04547543823719025 | 0 | 1.0
-0.05684293434023857 | 0 | 1.0
-0.07210900634527206 | 0 | 1.0
-0.09127838909626007 | 0 | 1.0
-0.11435654014348984 | 0 | 1.0
-0.14134883880615234 | 0 | 1.0
-0.17225956916809082 | 0 | 1.0
Total reward: 10.0
5.5, 5.5, 5.5, 5.5, 5.5, 5.5, 5.5, 5.5, 5.5, 5.5
parameter ends

state | action | reward
[0.04] | 0 | 1.0
0.04388944059610367 | 0 | 1.0
0.04011547937989235 | 0 | 1.0
0.03243112191557884 | 0 | 1.0
0.020835120230913162 | 0 | 1.0
0.005324952770024538 | 0 | 1.0
-0.014102780260145664 | 0 | 1.0
-0.037451718002557755 | 0 | 1.0
-0.06472485512495041 | 0 | 1.0
Total reward: 9.0
5.5, 5.5, 5.5, 5.5, 5.5, 5.5, 5.5, 5.5, 5.5, 5.5
parameter ends

state | action | reward
[-0.01] | 0 | 1.0
-0.006546806078404188 | 0 | 1.0
-0.011237782426178455 | 0 | 1.0
-0.019834719598293304 | 0 | 1.0
-0.03233933076262474 | 0 | 1.0
-0.04875463992357254 | 0 | 1.0
-0.06908455491065979 | 0 | 1.0
-0.09333322942256927 | 0 | 1.0
-0.12150414288043976 | 0 | 1.0
Total reward: 9.0
5.5, 5.5, 5.5, 5.5, 5.5, 5.5, 5.5, 5.5, 5.5, 5.5
parameter ends

state | action | reward
[-0.03] | 0 | 1.0
-0.027737585827708244 | 0 | 1.0
-0.032261189073324203 | 0 | 1.0
-0.04068288579583168 | 0 | 1.0
-0.053004615008831024 | 0 | 1.0
-0.06922978162765503 | 0 | 1.0
-0.08936289697885513 | 0 | 1.0
-0.11340894550085068 | 0 | 1.0
-0.14137262105941772 | 0 | 1.0
-0.17325717210769653 | 0 | 1.0
Total reward: 10.0
5.5, 5.5, 5.5, 5.5, 5.5, 5.5, 5.5, 5.5, 5.5, 5.5
parameter ends

state | action | reward
[-0.04] | 0 | 1.0
-0.042106542736291885 | 0 | 1.0
-0.046079039573669434 | 0 | 1.0
-0.05395122244954109 | 0 | 1.0
-0.06572475284337997 | 0 | 1.0
-0.08140278607606888 | 0 | 1.0
-0.10098958015441895 | 0 | 1.0
-0.12448994070291519 | 0 | 1.0
-0.15190841257572174 | 0 | 1.0
-0.18324823677539825 | 0 | 1.0
Total reward: 10.0
5.5, 5.5, 5.5, 5.5, 5.5, 5.5, 5.5, 5.5, 5.5, 5.5
parameter ends

state | action | reward
[0.] | 0 | 1.0
0.003747970098629594 | 0 | 1.0
-0.00012399996921885759 | 0 | 1.0
-0.007907377555966377 | 0 | 1.0
-0.019603388383984566 | 0 | 1.0
-0.035214513540267944 | 0 | 1.0
-0.054744064807891846 | 0 | 1.0
-0.07819556444883347 | 0 | 1.0
-0.10557182133197784 | 0 | 1.0
Total reward: 9.0
5.5, 5.5, 5.5, 5.5, 5.5, 5.5, 5.5, 5.5, 5.5, 5.5
parameter ends

state | action | reward
[-0.03] | 0 | 1.0
-0.03252756968140602 | 0 | 1.0
-0.0366719551384449 | 0 | 1.0
-0.04471666365861893 | 0 | 1.0
-0.056663352996110916 | 0 | 1.0
-0.07251515239477158 | 0 | 1.0
-0.09227626770734787 | 0 | 1.0
-0.11595145612955093 | 0 | 1.0
-0.14354516565799713 | 0 | 1.0
-0.17506049573421478 | 0 | 1.0
Total reward: 10.0
5.5, 5.5, 5.5, 5.5, 5.5, 5.5, 5.5, 5.5, 5.5, 5.5
parameter ends

state | action | reward
[0.02] | 0 | 1.0
0.023541098460555077 | 0 | 1.0
0.020427554845809937 | 0 | 1.0
0.013408957049250603 | 0 | 1.0
0.0024836210068315268 | 0 | 1.0
-0.01235147938132286 | 0 | 1.0
-0.031100299209356308 | 0 | 1.0
-0.05376709625124931 | 0 | 1.0
-0.08035553991794586 | 0 | 1.0
Total reward: 9.0
5.5, 5.5, 5.5, 5.5, 5.5, 5.5, 5.5, 5.5, 5.5, 5.5
parameter ends

state | action | reward
[0.] | 0 | 1.0
0.004680728539824486 | 0 | 1.0
0.0007712232181802392 | 0 | 1.0
-0.007032464724034071 | 0 | 1.0
-0.018731962889432907 | 0 | 1.0
-0.034330498427152634 | 0 | 1.0
-0.05383256822824478 | 0 | 1.0
-0.07724343985319138 | 0 | 1.0
-0.10456841439008713 | 0 | 1.0
-0.13581186532974243 | 0 | 1.0
Total reward: 10.0
5.5, 5.5, 5.5, 5.5, 5.5, 5.5, 5.5, 5.5, 5.5, 5.5
parameter ends

state | action | reward
[0.04] | 0 | 1.0
0.04116181656718254 | 0 | 1.0
0.03628041222691536 | 0 | 1.0
0.02749492973089218 | 0 | 1.0
0.014803528785705566 | 0 | 1.0
-0.0017969735199585557 | 0 | 1.0
-0.022310670465230942 | 0 | 1.0
-0.04674192890524864 | 0 | 1.0
-0.07509449869394302 | 0 | 1.0
Total reward: 9.0
5.5, 5.5, 5.5, 5.5, 5.5, 5.5, 5.5, 5.5, 5.5, 5.5
parameter ends

state | action | reward
[-0.04] | 0 | 1.0
-0.034830447286367416 | 0 | 1.0
-0.03832614794373512 | 0 | 1.0
-0.04573599621653557 | 0 | 1.0
-0.057061221450567245 | 0 | 1.0
-0.07230421900749207 | 0 | 1.0
-0.09146809577941895 | 0 | 1.0
-0.11455601453781128 | 0 | 1.0
Total reward: 8.0
5.5, 5.5, 5.5, 5.5, 5.5, 5.5, 5.5, 5.5, 5.5, 5.5
parameter ends

state | action | reward
[-0.04] | 0 | 1.0
-0.04299900680780411 | 0 | 1.0
-0.04777855798602104 | 0 | 1.0
-0.05647021532058716 | 0 | 1.0
-0.06907544285058975 | 0 | 1.0
-0.08559688180685043 | 0 | 1.0
-0.10603789240121841 | 0 | 1.0
-0.1304018646478653 | 0 | 1.0
Total reward: 8.0
5.5, 5.5, 5.5, 5.5, 5.5, 5.5, 5.5, 5.5, 5.5, 5.5
parameter ends

state | action | reward
[0.04] | 0 | 1.0
0.042596299201250076 | 0 | 1.0
0.038052745163440704 | 0 | 1.0
0.02959786169230938 | 0 | 1.0
0.01723019964993 | 0 | 1.0
0.0009471011580899358 | 0 | 1.0
-0.01925484836101532 | 0 | 1.0
-0.04337914288043976 | 0 | 1.0
-0.07142842561006546 | 0 | 1.0
Total reward: 9.0
5.5, 5.5, 5.5, 5.5, 5.5, 5.5, 5.5, 5.5, 5.5, 5.5
parameter ends

state | action | reward
[-0.01] | 0 | 1.0
-0.01355608832091093 | 0 | 1.0
-0.017134029418230057 | 0 | 1.0
-0.02462797425687313 | 0 | 1.0
-0.03603922203183174 | 0 | 1.0
-0.05137014389038086 | 0 | 1.0
-0.07062371075153351 | 0 | 1.0
-0.09380277991294861 | 0 | 1.0
Total reward: 8.0
5.5, 5.5, 5.5, 5.5, 5.5, 5.5, 5.5, 5.5, 5.5, 5.5
parameter ends

state | action | reward
[-0.04] | 0 | 1.0
-0.03945539891719818 | 0 | 1.0
-0.04273141548037529 | 0 | 1.0
-0.04990801960229874 | 0 | 1.0
-0.06098714470863342 | 0 | 1.0
-0.07597213983535767 | 0 | 1.0
-0.09486737102270126 | 0 | 1.0
-0.11767757683992386 | 0 | 1.0
-0.14440706372261047 | 0 | 1.0
Total reward: 9.0
5.5, 5.5, 5.5, 5.5, 5.5, 5.5, 5.5, 5.5, 5.5, 5.5
parameter ends

state | action | reward
[-0.01] | 0 | 1.0
-0.006261306349188089 | 0 | 1.0
-0.01047773752361536 | 0 | 1.0
-0.018582545220851898 | 0 | 1.0
-0.030577704310417175 | 0 | 1.0
-0.046466849744319916 | 0 | 1.0
-0.06625494360923767 | 0 | 1.0
-0.08994778245687485 | 0 | 1.0
-0.11755131930112839 | 0 | 1.0
-0.14907069504261017 | 0 | 1.0
Total reward: 10.0
5.5, 5.5, 5.5, 5.5, 5.5, 5.5, 5.5, 5.5, 5.5, 5.5
parameter ends

state | action | reward
[0.04] | 0 | 1.0
0.03733574226498604 | 0 | 1.0
0.03399179130792618 | 0 | 1.0
0.02674257941544056 | 0 | 1.0
0.015586331486701965 | 0 | 1.0
0.0005199530278332531 | 0 | 1.0
-0.01846054382622242 | 0 | 1.0
-0.04135938733816147 | 0 | 1.0
-0.068180151283741 | 0 | 1.0
Total reward: 9.0
