5.3, 5.3, 5.3, 5.3, 5.3, 5.3, 5.3, 5.3, 5.3, 5.3
parameter ends

state | action | reward
[0.04] | 0 | 1.0
0.03622864559292793 | 0 | 1.0
0.03228793665766716 | 0 | 1.0
0.024433614686131477 | 0 | 1.0
0.01266448199748993 | 0 | 1.0
-0.0030218521133065224 | 0 | 1.0
-0.022628530859947205 | 0 | 1.0
-0.04615878686308861 | 0 | 1.0
Total reward: 8.0
5.3, 5.3, 5.3, 5.3, 5.3, 5.3, 5.3, 5.3, 5.3, 5.3
parameter ends

state | action | reward
[0.02] | 0 | 1.0
0.0235366802662611 | 0 | 1.0
0.019163941964507103 | 0 | 1.0
0.010885853320360184 | 0 | 1.0
-0.0012991575058549643 | 0 | 1.0
-0.017394021153450012 | 0 | 1.0
-0.037402622401714325 | 0 | 1.0
-0.061329182237386703 | 0 | 1.0
-0.08917738497257233 | 0 | 1.0
Total reward: 9.0
5.3, 5.3, 5.3, 5.3, 5.3, 5.3, 5.3, 5.3, 5.3, 5.3
parameter ends

state | action | reward
[-0.03] | 0 | 1.0
-0.032209817320108414 | 0 | 1.0
-0.036196235567331314 | 0 | 1.0
-0.044091686606407166 | 0 | 1.0
-0.05589766800403595 | 0 | 1.0
-0.07161694765090942 | 0 | 1.0
-0.0912531167268753 | 0 | 1.0
-0.11480997502803802 | 0 | 1.0
-0.14229057729244232 | 0 | 1.0
Total reward: 9.0
5.3, 5.3, 5.3, 5.3, 5.3, 5.3, 5.3, 5.3, 5.3, 5.3
parameter ends

state | action | reward
[0.03] | 0 | 1.0
0.0325339138507843 | 0 | 1.0
0.029168758541345596 | 0 | 1.0
0.021910285577178 | 0 | 1.0
0.01075685489922762 | 0 | 1.0
-0.0042947870679199696 | 0 | 1.0
-0.0232491847127676 | 0 | 1.0
-0.04611167311668396 | 0 | 1.0
-0.07288765907287598 | 0 | 1.0
-0.10358165949583054 | 0 | 1.0
Total reward: 10.0
5.3, 5.3, 5.3, 5.3, 5.3, 5.3, 5.3, 5.3, 5.3, 5.3
parameter ends

state | action | reward
[-0.05] | 0 | 1.0
-0.0451049841940403 | 0 | 1.0
-0.048080503940582275 | 0 | 1.0
-0.05497179925441742 | 0 | 1.0
-0.06578031927347183 | 0 | 1.0
-0.08050854504108429 | 0 | 1.0
-0.09915951639413834 | 0 | 1.0
-0.1217360571026802 | 0 | 1.0
Total reward: 8.0
5.3, 5.3, 5.3, 5.3, 5.3, 5.3, 5.3, 5.3, 5.3, 5.3
parameter ends

state | action | reward
[-0.03] | 0 | 1.0
-0.025103898718953133 | 0 | 1.0
-0.028268447145819664 | 0 | 1.0
-0.03534725680947304 | 0 | 1.0
-0.04634145647287369 | 0 | 1.0
-0.06125335767865181 | 0 | 1.0
-0.08008602261543274 | 0 | 1.0
-0.10284261405467987 | 0 | 1.0
Total reward: 8.0
5.3, 5.3, 5.3, 5.3, 5.3, 5.3, 5.3, 5.3, 5.3, 5.3
parameter ends

state | action | reward
[-0.02] | 0 | 1.0
-0.02484692446887493 | 0 | 1.0
-0.029308166354894638 | 0 | 1.0
-0.037665050476789474 | 0 | 1.0
-0.049919478595256805 | 0 | 1.0
-0.06607488542795181 | 0 | 1.0
-0.0861358717083931 | 0 | 1.0
-0.11010764539241791 | 0 | 1.0
-0.13799525797367096 | 0 | 1.0
-0.16980256140232086 | 0 | 1.0
Total reward: 10.0
5.3, 5.3, 5.3, 5.3, 5.3, 5.3, 5.3, 5.3, 5.3, 5.3
parameter ends

state | action | reward
[0.03] | 0 | 1.0
0.02580566145479679 | 0 | 1.0
0.021248985081911087 | 0 | 1.0
0.012802118435502052 | 0 | 1.0
0.00046291103353723884 | 0 | 1.0
-0.015772385522723198 | 0 | 1.0
-0.035908766090869904 | 0 | 1.0
-0.059951961040496826 | 0 | 1.0
-0.08790766447782516 | 0 | 1.0
-0.11978057771921158 | 0 | 1.0
Total reward: 10.0
5.3, 5.3, 5.3, 5.3, 5.3, 5.3, 5.3, 5.3, 5.3, 5.3
parameter ends

state | action | reward
[0.04] | 0 | 1.0
0.03859439492225647 | 0 | 1.0
0.03517477586865425 | 0 | 1.0
0.027852974832057953 | 0 | 1.0
0.016627151519060135 | 0 | 1.0
0.0014940720284357667 | 0 | 1.0
-0.017550479620695114 | 0 | 1.0
-0.040511079132556915 | 0 | 1.0
-0.06739180535078049 | 0 | 1.0
Total reward: 9.0
5.3, 5.3, 5.3, 5.3, 5.3, 5.3, 5.3, 5.3, 5.3, 5.3
parameter ends

state | action | reward
[0.04] | 0 | 1.0
0.0419793426990509 | 0 | 1.0
0.038305819034576416 | 0 | 1.0
0.030738255009055138 | 0 | 1.0
0.01927466318011284 | 0 | 1.0
0.003911508247256279 | 0 | 1.0
-0.015355938114225864 | 0 | 1.0
-0.0385330468416214 | 0 | 1.0
-0.06562506407499313 | 0 | 1.0
-0.09663606435060501 | 0 | 1.0
Total reward: 10.0
5.3, 5.3, 5.3, 5.3, 5.3, 5.3, 5.3, 5.3, 5.3, 5.3
parameter ends

state | action | reward
[-0.] | 0 | 1.0
-0.00328532001003623 | 0 | 1.0
-0.006242108065634966 | 0 | 1.0
-0.013100830838084221 | 0 | 1.0
-0.023862911388278008 | 0 | 1.0
-0.038531240075826645 | 0 | 1.0
-0.05710981413722038 | 0 | 1.0
-0.07960319519042969 | 0 | 1.0
-0.10601569712162018 | 0 | 1.0
-0.13635031878948212 | 0 | 1.0
Total reward: 10.0
5.3, 5.3, 5.3, 5.3, 5.3, 5.3, 5.3, 5.3, 5.3, 5.3
parameter ends

state | action | reward
[0.01] | 0 | 1.0
0.012873148545622826 | 0 | 1.0
0.00834647472947836 | 0 | 1.0
-7.032055145828053e-05 | 0 | 1.0
-0.012379413470625877 | 0 | 1.0
-0.02858457714319229 | 0 | 1.0
-0.04869082570075989 | 0 | 1.0
-0.07270389795303345 | 0 | 1.0
-0.10062950104475021 | 0 | 1.0
-0.13247232139110565 | 0 | 1.0
Total reward: 10.0
5.3, 5.3, 5.3, 5.3, 5.3, 5.3, 5.3, 5.3, 5.3, 5.3
parameter ends

state | action | reward
[0.04] | 0 | 1.0
0.041318733245134354 | 0 | 1.0
0.03821209445595741 | 0 | 1.0
0.031190888956189156 | 0 | 1.0
0.020253930240869522 | 0 | 1.0
0.005398874636739492 | 0 | 1.0
-0.013377337716519833 | 0 | 1.0
-0.03607781231403351 | 0 | 1.0
Total reward: 8.0
5.3, 5.3, 5.3, 5.3, 5.3, 5.3, 5.3, 5.3, 5.3, 5.3
parameter ends

state | action | reward
[0.04] | 0 | 1.0
0.03852188587188721 | 0 | 1.0
0.03396418318152428 | 0 | 1.0
0.025504037737846375 | 0 | 1.0
0.013139816001057625 | 0 | 1.0
-0.0031315418891608715 | 0 | 1.0
-0.023314127698540688 | 0 | 1.0
-0.04741247743368149 | 0 | 1.0
-0.075430728495121 | 0 | 1.0
Total reward: 9.0
5.3, 5.3, 5.3, 5.3, 5.3, 5.3, 5.3, 5.3, 5.3, 5.3
parameter ends

state | action | reward
[-0.01] | 0 | 1.0
-0.00962796900421381 | 0 | 1.0
-0.012620103545486927 | 0 | 1.0
-0.01951153576374054 | 0 | 1.0
-0.030303839594125748 | 0 | 1.0
-0.045000094920396805 | 0 | 1.0
-0.06360452622175217 | 0 | 1.0
-0.08612196147441864 | 0 | 1.0
-0.11255703866481781 | 0 | 1.0
-0.14291316270828247 | 0 | 1.0
Total reward: 10.0
5.3, 5.3, 5.3, 5.3, 5.3, 5.3, 5.3, 5.3, 5.3, 5.3
parameter ends

state | action | reward
[-0.] | 0 | 1.0
-0.0020067605655640364 | 0 | 1.0
-0.005558485630899668 | 0 | 1.0
-0.013007436878979206 | 0 | 1.0
-0.024355437606573105 | 0 | 1.0
-0.039605818688869476 | 0 | 1.0
-0.0587630532681942 | 0 | 1.0
-0.08183220028877258 | 0 | 1.0
-0.10881811380386353 | 0 | 1.0
-0.13972437381744385 | 0 | 1.0
Total reward: 10.0
5.3, 5.3, 5.3, 5.3, 5.3, 5.3, 5.3, 5.3, 5.3, 5.3
parameter ends

state | action | reward
[0.03] | 0 | 1.0
0.028744304552674294 | 0 | 1.0
0.02390262484550476 | 0 | 1.0
0.015161540359258652 | 0 | 1.0
0.002519507659599185 | 0 | 1.0
-0.014026525430381298 | 0 | 1.0
-0.03448076546192169 | 0 | 1.0
-0.05884801596403122 | 0 | 1.0
-0.08713292330503464 | 0 | 1.0
-0.11933889240026474 | 0 | 1.0
Total reward: 10.0
5.3, 5.3, 5.3, 5.3, 5.3, 5.3, 5.3, 5.3, 5.3, 5.3
parameter ends

state | action | reward
[0.01] | 0 | 1.0
0.014340844936668873 | 0 | 1.0
0.010827944613993168 | 0 | 1.0
0.0034097572788596153 | 0 | 1.0
-0.007915499620139599 | 0 | 1.0
-0.02315092645585537 | 0 | 1.0
-0.0423005111515522 | 0 | 1.0
-0.06536848098039627 | 0 | 1.0
-0.09235839545726776 | 0 | 1.0
Total reward: 9.0
5.3, 5.3, 5.3, 5.3, 5.3, 5.3, 5.3, 5.3, 5.3, 5.3
parameter ends

state | action | reward
[-0.] | 0 | 1.0
-0.0051076291128993034 | 0 | 1.0
-0.009504365734755993 | 0 | 1.0
-0.017812354490160942 | 0 | 1.0
-0.030033214017748833 | 0 | 1.0
-0.04616973176598549 | 0 | 1.0
-0.06622538715600967 | 0 | 1.0
-0.09020364284515381 | 0 | 1.0
Total reward: 8.0
5.3, 5.3, 5.3, 5.3, 5.3, 5.3, 5.3, 5.3, 5.3, 5.3
parameter ends

state | action | reward
[0.02] | 0 | 1.0
0.022528696805238724 | 0 | 1.0
0.017722085118293762 | 0 | 1.0
0.009026224724948406 | 0 | 1.0
-0.0035606215242296457 | 0 | 1.0
-0.02004186064004898 | 0 | 1.0
-0.04042225703597069 | 0 | 1.0
-0.06470747292041779 | 0 | 1.0
-0.09290337562561035 | 0 | 1.0
-0.12501510977745056 | 0 | 1.0
-0.1610458791255951 | 0 | 1.0
Total reward: 11.0
