5.9, 5.9, 5.9, 5.9, 5.9, 5.9, 5.9, 5.9, 5.9, 5.9
parameter ends

state | action | reward
[-0.03] | 0 | 1.0
-0.026915736496448517 | 0 | 1.0
-0.03115418739616871 | 0 | 1.0
-0.03929033502936363 | 0 | 1.0
-0.05132588744163513 | 0 | 1.0
-0.06726407259702682 | 0 | 1.0
-0.0871092826128006 | 0 | 1.0
-0.1108665019273758 | 0 | 1.0
-0.13854056596755981 | 0 | 1.0
-0.17013506591320038 | 0 | 1.0
Total reward: 10.0
5.9, 5.9, 5.9, 5.9, 5.9, 5.9, 5.9, 5.9, 5.9, 5.9
parameter ends

state | action | reward
[-0.03] | 0 | 1.0
-0.02926776371896267 | 0 | 1.0
-0.03228792920708656 | 0 | 1.0
-0.03921796381473541 | 0 | 1.0
-0.050059448927640915 | 0 | 1.0
-0.06481517851352692 | 0 | 1.0
-0.08348872512578964 | 0 | 1.0
-0.10608376562595367 | 0 | 1.0
-0.13260312378406525 | 0 | 1.0
Total reward: 9.0
5.9, 5.9, 5.9, 5.9, 5.9, 5.9, 5.9, 5.9, 5.9, 5.9
parameter ends

state | action | reward
[0.03] | 0 | 1.0
0.02960376627743244 | 0 | 1.0
0.026099300011992455 | 0 | 1.0
0.018686911091208458 | 0 | 1.0
0.007364892400801182 | 0 | 1.0
-0.007869717665016651 | 0 | 1.0
-0.027020689100027084 | 0 | 1.0
-0.0500919334590435 | 0 | 1.0
-0.07708656042814255 | 0 | 1.0
Total reward: 9.0
5.9, 5.9, 5.9, 5.9, 5.9, 5.9, 5.9, 5.9, 5.9, 5.9
parameter ends

state | action | reward
[0.01] | 0 | 1.0
0.013782567344605923 | 0 | 1.0
0.010618033818900585 | 0 | 1.0
0.003541000420227647 | 0 | 1.0
-0.007449908647686243 | 0 | 1.0
-0.02235725149512291 | 0 | 1.0
-0.04118432477116585 | 0 | 1.0
-0.06393447518348694 | 0 | 1.0
Total reward: 8.0
5.9, 5.9, 5.9, 5.9, 5.9, 5.9, 5.9, 5.9, 5.9, 5.9
parameter ends

state | action | reward
[0.04] | 0 | 1.0
0.043892752379179 | 0 | 1.0
0.04055929556488991 | 0 | 1.0
0.03332332894206047 | 0 | 1.0
0.02218342013657093 | 0 | 1.0
0.007136674132198095 | 0 | 1.0
-0.011820887215435505 | 0 | 1.0
-0.03469376638531685 | 0 | 1.0
-0.06148618459701538 | 0 | 1.0
Total reward: 9.0
5.9, 5.9, 5.9, 5.9, 5.9, 5.9, 5.9, 5.9, 5.9, 5.9
parameter ends

state | action | reward
[-0.03] | 0 | 1.0
-0.03347797691822052 | 0 | 1.0
-0.036997050046920776 | 0 | 1.0
-0.04441910609602928 | 0 | 1.0
-0.05574564263224602 | 0 | 1.0
-0.07097958773374557 | 0 | 1.0
-0.09012491255998611 | 0 | 1.0
-0.11318609118461609 | 0 | 1.0
-0.140167236328125 | 0 | 1.0
Total reward: 9.0
5.9, 5.9, 5.9, 5.9, 5.9, 5.9, 5.9, 5.9, 5.9, 5.9
parameter ends

state | action | reward
[-0.05] | 0 | 1.0
-0.04975780099630356 | 0 | 1.0
-0.054149363189935684 | 0 | 1.0
-0.06243476644158363 | 0 | 1.0
-0.07461593300104141 | 0 | 1.0
-0.09069634974002838 | 0 | 1.0
-0.1106807217001915 | 0 | 1.0
-0.13457442820072174 | 0 | 1.0
-0.16238273680210114 | 0 | 1.0
-0.19410982728004456 | 0 | 1.0
Total reward: 10.0
5.9, 5.9, 5.9, 5.9, 5.9, 5.9, 5.9, 5.9, 5.9, 5.9
parameter ends

state | action | reward
[-0.02] | 0 | 1.0
-0.020112985745072365 | 0 | 1.0
-0.024089615792036057 | 0 | 1.0
-0.031978607177734375 | 0 | 1.0
-0.043781302869319916 | 0 | 1.0
-0.05950023606419563 | 0 | 1.0
-0.07913870364427567 | 0 | 1.0
-0.10270007699728012 | 0 | 1.0
-0.13018687069416046 | 0 | 1.0
Total reward: 9.0
5.9, 5.9, 5.9, 5.9, 5.9, 5.9, 5.9, 5.9, 5.9, 5.9
parameter ends

state | action | reward
[0.03] | 0 | 1.0
0.02526606246829033 | 0 | 1.0
0.021202826872467995 | 0 | 1.0
0.013229195028543472 | 0 | 1.0
0.0013436024310067296 | 0 | 1.0
-0.014456726610660553 | 0 | 1.0
-0.0341753214597702 | 0 | 1.0
-0.0578157864511013 | 0 | 1.0
-0.08538084477186203 | 0 | 1.0
Total reward: 9.0
5.9, 5.9, 5.9, 5.9, 5.9, 5.9, 5.9, 5.9, 5.9, 5.9
parameter ends

state | action | reward
[-0.03] | 0 | 1.0
-0.026560109108686447 | 0 | 1.0
-0.03092622011899948 | 0 | 1.0
-0.039190296083688736 | 0 | 1.0
-0.051354292780160904 | 0 | 1.0
-0.06742163002490997 | 0 | 1.0
-0.08739682286977768 | 0 | 1.0
-0.11128488183021545 | 0 | 1.0
-0.13909050822257996 | 0 | 1.0
-0.17081698775291443 | 0 | 1.0
Total reward: 10.0
5.9, 5.9, 5.9, 5.9, 5.9, 5.9, 5.9, 5.9, 5.9, 5.9
parameter ends

state | action | reward
[-0.04] | 0 | 1.0
-0.042022641748189926 | 0 | 1.0
-0.04499409347772598 | 0 | 1.0
-0.05185947194695473 | 0 | 1.0
-0.06262034177780151 | 0 | 1.0
-0.07727987319231033 | 0 | 1.0
-0.09584253281354904 | 0 | 1.0
-0.11831358820199966 | 0 | 1.0
-0.1446983814239502 | 0 | 1.0
-0.1750013828277588 | 0 | 1.0
Total reward: 10.0
5.9, 5.9, 5.9, 5.9, 5.9, 5.9, 5.9, 5.9, 5.9, 5.9
parameter ends

state | action | reward
[-0.04] | 0 | 1.0
-0.04057760536670685 | 0 | 1.0
-0.044274747371673584 | 0 | 1.0
-0.05188467353582382 | 0 | 1.0
-0.06340865045785904 | 0 | 1.0
-0.07884912937879562 | 0 | 1.0
-0.09820935875177383 | 0 | 1.0
-0.1214926540851593 | 0 | 1.0
-0.1487015336751938 | 0 | 1.0
Total reward: 9.0
5.9, 5.9, 5.9, 5.9, 5.9, 5.9, 5.9, 5.9, 5.9, 5.9
parameter ends

state | action | reward
[-0.01] | 0 | 1.0
-0.011254380457103252 | 0 | 1.0
-0.015302697196602821 | 0 | 1.0
-0.02325691096484661 | 0 | 1.0
-0.03511839732527733 | 0 | 1.0
-0.05088992044329643 | 0 | 1.0
-0.07057522982358932 | 0 | 1.0
-0.09417847543954849 | 0 | 1.0
-0.1217033714056015 | 0 | 1.0
Total reward: 9.0
5.9, 5.9, 5.9, 5.9, 5.9, 5.9, 5.9, 5.9, 5.9, 5.9
parameter ends

state | action | reward
[-0.03] | 0 | 1.0
-0.03138211742043495 | 0 | 1.0
-0.03488415479660034 | 0 | 1.0
-0.04229912534356117 | 0 | 1.0
-0.05362846702337265 | 0 | 1.0
-0.06887476146221161 | 0 | 1.0
-0.0880412831902504 | 0 | 1.0
-0.11113131046295166 | 0 | 1.0
Total reward: 8.0
5.9, 5.9, 5.9, 5.9, 5.9, 5.9, 5.9, 5.9, 5.9, 5.9
parameter ends

state | action | reward
[0.05] | 0 | 1.0
0.04766642674803734 | 0 | 1.0
0.04404542222619057 | 0 | 1.0
0.03652794659137726 | 0 | 1.0
0.025112466886639595 | 0 | 1.0
0.009795877151191235 | 0 | 1.0
-0.009426161646842957 | 0 | 1.0
-0.032558705657720566 | 0 | 1.0
-0.05960679054260254 | 0 | 1.0
-0.09057442843914032 | 0 | 1.0
Total reward: 10.0
5.9, 5.9, 5.9, 5.9, 5.9, 5.9, 5.9, 5.9, 5.9, 5.9
parameter ends

state | action | reward
[-0.05] | 0 | 1.0
-0.04685407876968384 | 0 | 1.0
-0.051692768931388855 | 0 | 1.0
-0.060444481670856476 | 0 | 1.0
-0.07311045378446579 | 0 | 1.0
-0.08969312161207199 | 0 | 1.0
-0.11019568145275116 | 0 | 1.0
-0.13462144136428833 | 0 | 1.0
-0.16297289729118347 | 0 | 1.0
Total reward: 9.0
5.9, 5.9, 5.9, 5.9, 5.9, 5.9, 5.9, 5.9, 5.9, 5.9
parameter ends

state | action | reward
[-0.03] | 0 | 1.0
-0.03105638548731804 | 0 | 1.0
-0.035537779331207275 | 0 | 1.0
-0.04391812905669212 | 0 | 1.0
-0.05619918182492256 | 0 | 1.0
-0.07238416373729706 | 0 | 1.0
-0.09247741103172302 | 0 | 1.0
-0.11648381501436234 | 0 | 1.0
-0.14440800249576569 | 0 | 1.0
-0.1762532740831375 | 0 | 1.0
Total reward: 10.0
5.9, 5.9, 5.9, 5.9, 5.9, 5.9, 5.9, 5.9, 5.9, 5.9
parameter ends

state | action | reward
[-0.01] | 0 | 1.0
-0.01358859520405531 | 0 | 1.0
-0.01739675924181938 | 0 | 1.0
-0.025099579244852066 | 0 | 1.0
-0.0366988405585289 | 0 | 1.0
-0.0521979033946991 | 0 | 1.0
-0.07160134613513947 | 0 | 1.0
-0.09491443634033203 | 0 | 1.0
-0.12214238941669464 | 0 | 1.0
-0.153289332985878 | 0 | 1.0
Total reward: 10.0
5.9, 5.9, 5.9, 5.9, 5.9, 5.9, 5.9, 5.9, 5.9, 5.9
parameter ends

state | action | reward
[-0.03] | 0 | 1.0
-0.028997372835874557 | 0 | 1.0
-0.03258276730775833 | 0 | 1.0
-0.040068477392196655 | 0 | 1.0
-0.05145634338259697 | 0 | 1.0
-0.06674964725971222 | 0 | 1.0
-0.08595270663499832 | 0 | 1.0
-0.10907028615474701 | 0 | 1.0
-0.13610677421092987 | 0 | 1.0
Total reward: 9.0
5.9, 5.9, 5.9, 5.9, 5.9, 5.9, 5.9, 5.9, 5.9, 5.9
parameter ends

state | action | reward
[-0.] | 0 | 1.0
-0.001225482439622283 | 0 | 1.0
-0.004904415924102068 | 0 | 1.0
-0.012485537678003311 | 0 | 1.0
-0.023970378562808037 | 0 | 1.0
-0.03936191275715828 | 0 | 1.0
-0.05866418778896332 | 0 | 1.0
-0.08188175410032272 | 0 | 1.0
-0.10901883989572525 | 0 | 1.0
Total reward: 9.0
