5.3, 5.3, 5.3, 5.3, 5.3, 5.3, 5.3, 5.3, 5.3, 5.3
parameter ends

state | action | reward
[0.03] | 0 | 1.0
0.032745178788900375 | 0 | 1.0
0.0288377795368433 | 0 | 1.0
0.02102203108370304 | 0 | 1.0
0.00929628312587738 | 0 | 1.0
-0.006342367734760046 | 0 | 1.0
-0.025897638872265816 | 0 | 1.0
-0.04937338829040527 | 0 | 1.0
-0.07677268981933594 | 0 | 1.0
Total reward: 9.0
5.3, 5.3, 5.3, 5.3, 5.3, 5.3, 5.3, 5.3, 5.3, 5.3
parameter ends

state | action | reward
[-0.05] | 0 | 1.0
-0.04799134284257889 | 0 | 1.0
-0.050910305231809616 | 0 | 1.0
-0.05774175375699997 | 0 | 1.0
-0.06848688423633575 | 0 | 1.0
-0.08314811438322067 | 0 | 1.0
-0.1017286628484726 | 0 | 1.0
-0.12423191964626312 | 0 | 1.0
-0.15066051483154297 | 0 | 1.0
Total reward: 9.0
5.3, 5.3, 5.3, 5.3, 5.3, 5.3, 5.3, 5.3, 5.3, 5.3
parameter ends

state | action | reward
[-0.05] | 0 | 1.0
-0.04884723946452141 | 0 | 1.0
-0.05289887636899948 | 0 | 1.0
-0.06086285784840584 | 0 | 1.0
-0.0727405697107315 | 0 | 1.0
-0.08853458613157272 | 0 | 1.0
-0.10824820399284363 | 0 | 1.0
-0.13188481330871582 | 0 | 1.0
-0.1594468653202057 | 0 | 1.0
Total reward: 9.0
5.3, 5.3, 5.3, 5.3, 5.3, 5.3, 5.3, 5.3, 5.3, 5.3
parameter ends

state | action | reward
[-0.04] | 0 | 1.0
-0.038795314729213715 | 0 | 1.0
-0.04334932193160057 | 0 | 1.0
-0.051816876977682114 | 0 | 1.0
-0.06419942528009415 | 0 | 1.0
-0.08049952983856201 | 0 | 1.0
-0.10072042793035507 | 0 | 1.0
-0.12486530095338821 | 0 | 1.0
Total reward: 8.0
5.3, 5.3, 5.3, 5.3, 5.3, 5.3, 5.3, 5.3, 5.3, 5.3
parameter ends

state | action | reward
[-0.01] | 0 | 1.0
-0.006795753724873066 | 0 | 1.0
-0.009849819354712963 | 0 | 1.0
-0.016812240704894066 | 0 | 1.0
-0.02768450230360031 | 0 | 1.0
-0.04246937483549118 | 0 | 1.0
-0.06117049977183342 | 0 | 1.0
-0.08379175513982773 | 0 | 1.0
-0.11033634096384048 | 0 | 1.0
Total reward: 9.0
5.3, 5.3, 5.3, 5.3, 5.3, 5.3, 5.3, 5.3, 5.3, 5.3
parameter ends

state | action | reward
[0.05] | 0 | 1.0
0.046166591346263885 | 0 | 1.0
0.04213526472449303 | 0 | 1.0
0.034188855439424515 | 0 | 1.0
0.022326160222291946 | 0 | 1.0
0.006544832605868578 | 0 | 1.0
-0.013158154673874378 | 0 | 1.0
-0.036785826086997986 | 0 | 1.0
Total reward: 8.0
5.3, 5.3, 5.3, 5.3, 5.3, 5.3, 5.3, 5.3, 5.3, 5.3
parameter ends

state | action | reward
[0.04] | 0 | 1.0
0.035250939428806305 | 0 | 1.0
0.031039899215102196 | 0 | 1.0
0.02292880229651928 | 0 | 1.0
0.010916123166680336 | 0 | 1.0
-0.005001157522201538 | 0 | 1.0
-0.024827200919389725 | 0 | 1.0
-0.048566751182079315 | 0 | 1.0
-0.07622436434030533 | 0 | 1.0
-0.1078033298254013 | 0 | 1.0
Total reward: 10.0
5.3, 5.3, 5.3, 5.3, 5.3, 5.3, 5.3, 5.3, 5.3, 5.3
parameter ends

state | action | reward
[-0.04] | 0 | 1.0
-0.04191242903470993 | 0 | 1.0
-0.044839415699243546 | 0 | 1.0
-0.051676951348781586 | 0 | 1.0
-0.0624263770878315 | 0 | 1.0
-0.07709028571844101 | 0 | 1.0
-0.09567210078239441 | 0 | 1.0
-0.1181754395365715 | 0 | 1.0
-0.1446031928062439 | 0 | 1.0
Total reward: 9.0
5.3, 5.3, 5.3, 5.3, 5.3, 5.3, 5.3, 5.3, 5.3, 5.3
parameter ends

state | action | reward
[-0.05] | 0 | 1.0
-0.044694457203149796 | 0 | 1.0
-0.04775450378656387 | 0 | 1.0
-0.05471082404255867 | 0 | 1.0
-0.06556547433137894 | 0 | 1.0
-0.08032198995351791 | 0 | 1.0
-0.09898502379655838 | 0 | 1.0
-0.12155977636575699 | 0 | 1.0
-0.14805114269256592 | 0 | 1.0
-0.1784626841545105 | 0 | 1.0
Total reward: 10.0
5.3, 5.3, 5.3, 5.3, 5.3, 5.3, 5.3, 5.3, 5.3, 5.3
parameter ends

state | action | reward
[0.03] | 0 | 1.0
0.028188485652208328 | 0 | 1.0
0.02457793802022934 | 0 | 1.0
0.01706181839108467 | 0 | 1.0
0.005638714414089918 | 0 | 1.0
-0.009694166481494904 | 0 | 1.0
-0.028940612450242043 | 0 | 1.0
-0.05210481211543083 | 0 | 1.0
-0.07919051498174667 | 0 | 1.0
Total reward: 9.0
5.3, 5.3, 5.3, 5.3, 5.3, 5.3, 5.3, 5.3, 5.3, 5.3
parameter ends

state | action | reward
[0.03] | 0 | 1.0
0.032348599284887314 | 0 | 1.0
0.028391465544700623 | 0 | 1.0
0.02052946761250496 | 0 | 1.0
0.008760938420891762 | 0 | 1.0
-0.006917146500200033 | 0 | 1.0
-0.026508748531341553 | 0 | 1.0
-0.05001814663410187 | 0 | 1.0
-0.07744904607534409 | 0 | 1.0
Total reward: 9.0
5.3, 5.3, 5.3, 5.3, 5.3, 5.3, 5.3, 5.3, 5.3, 5.3
parameter ends

state | action | reward
[-0.05] | 0 | 1.0
-0.04758786782622337 | 0 | 1.0
-0.05215311795473099 | 0 | 1.0
-0.060626134276390076 | 0 | 1.0
-0.07300840318202972 | 0 | 1.0
-0.08930271863937378 | 0 | 1.0
-0.10951276123523712 | 0 | 1.0
-0.13364247977733612 | 0 | 1.0
-0.16169516742229462 | 0 | 1.0
Total reward: 9.0
5.3, 5.3, 5.3, 5.3, 5.3, 5.3, 5.3, 5.3, 5.3, 5.3
parameter ends

state | action | reward
[-0.02] | 0 | 1.0
-0.01930362358689308 | 0 | 1.0
-0.023348413407802582 | 0 | 1.0
-0.0312986858189106 | 0 | 1.0
-0.04315595701336861 | 0 | 1.0
-0.05892311781644821 | 0 | 1.0
-0.07860401272773743 | 0 | 1.0
-0.10220285505056381 | 0 | 1.0
-0.12972332537174225 | 0 | 1.0
Total reward: 9.0
5.3, 5.3, 5.3, 5.3, 5.3, 5.3, 5.3, 5.3, 5.3, 5.3
parameter ends

state | action | reward
[0.04] | 0 | 1.0
0.04394673928618431 | 0 | 1.0
0.04089907184243202 | 0 | 1.0
0.03394040837883949 | 0 | 1.0
0.02306952513754368 | 0 | 1.0
0.008283931761980057 | 0 | 1.0
-0.010419716127216816 | 0 | 1.0
-0.03304498642683029 | 0 | 1.0
-0.0595947802066803 | 0 | 1.0
Total reward: 9.0
5.3, 5.3, 5.3, 5.3, 5.3, 5.3, 5.3, 5.3, 5.3, 5.3
parameter ends

state | action | reward
[0.01] | 0 | 1.0
0.011049396358430386 | 0 | 1.0
0.0072686877101659775 | 0 | 1.0
-0.00040802243165671825 | 0 | 1.0
-0.011982259340584278 | 0 | 1.0
-0.02745712734758854 | 0 | 1.0
-0.0468369796872139 | 0 | 1.0
-0.07012690603733063 | 0 | 1.0
-0.09733201563358307 | 0 | 1.0
-0.12845641374588013 | 0 | 1.0
Total reward: 10.0
5.3, 5.3, 5.3, 5.3, 5.3, 5.3, 5.3, 5.3, 5.3, 5.3
parameter ends

state | action | reward
[0.04] | 0 | 1.0
0.0414588525891304 | 0 | 1.0
0.03817436099052429 | 0 | 1.0
0.030993228778243065 | 0 | 1.0
0.019913701340556145 | 0 | 1.0
0.004932492505759001 | 0 | 1.0
-0.013954860158264637 | 0 | 1.0
-0.03675345331430435 | 0 | 1.0
-0.06346824765205383 | 0 | 1.0
-0.09410300850868225 | 0 | 1.0
Total reward: 10.0
5.3, 5.3, 5.3, 5.3, 5.3, 5.3, 5.3, 5.3, 5.3, 5.3
parameter ends

state | action | reward
[-0.05] | 0 | 1.0
-0.04942682385444641 | 0 | 1.0
-0.05295274406671524 | 0 | 1.0
-0.06036863103508949 | 0 | 1.0
-0.07167606055736542 | 0 | 1.0
-0.08687828481197357 | 0 | 1.0
-0.10597994178533554 | 0 | 1.0
-0.12898656725883484 | 0 | 1.0
-0.15590398013591766 | 0 | 1.0
-0.1867373138666153 | 0 | 1.0
-0.2214898020029068 | 0 | 1.0
Total reward: 11.0
5.3, 5.3, 5.3, 5.3, 5.3, 5.3, 5.3, 5.3, 5.3, 5.3
parameter ends

state | action | reward
[0.02] | 0 | 1.0
0.02298317849636078 | 0 | 1.0
0.018662121146917343 | 0 | 1.0
0.010450241155922413 | 0 | 1.0
-0.0016541620716452599 | 0 | 1.0
-0.017654433846473694 | 0 | 1.0
-0.037555258721113205 | 0 | 1.0
-0.061362169682979584 | 0 | 1.0
-0.08908086270093918 | 0 | 1.0
-0.12071624398231506 | 0 | 1.0
Total reward: 10.0
5.3, 5.3, 5.3, 5.3, 5.3, 5.3, 5.3, 5.3, 5.3, 5.3
parameter ends

state | action | reward
[-0.02] | 0 | 1.0
-0.01976648159325123 | 0 | 1.0
-0.023221060633659363 | 0 | 1.0
-0.03057749569416046 | 0 | 1.0
-0.04183754324913025 | 0 | 1.0
-0.057004377245903015 | 0 | 1.0
-0.07608217746019363 | 0 | 1.0
-0.0990755632519722 | 0 | 1.0
-0.1259886920452118 | 0 | 1.0
Total reward: 9.0
5.3, 5.3, 5.3, 5.3, 5.3, 5.3, 5.3, 5.3, 5.3, 5.3
parameter ends

state | action | reward
[-0.05] | 0 | 1.0
-0.04957302287220955 | 0 | 1.0
-0.053345803171396255 | 0 | 1.0
-0.0610220730304718 | 0 | 1.0
-0.07260337471961975 | 0 | 1.0
-0.08809264749288559 | 0 | 1.0
-0.10749387741088867 | 0 | 1.0
-0.13081146776676178 | 0 | 1.0
-0.15804944932460785 | 0 | 1.0
Total reward: 9.0
