5.7, 5.7, 5.7, 5.7, 5.7, 5.7, 5.7, 5.7, 5.7, 5.7
parameter ends

state | action | reward
[0.02] | 0 | 1.0
0.018124302849173546 | 0 | 1.0
0.014745116233825684 | 0 | 1.0
0.0074511026032269 | 0 | 1.0
-0.0037592207081615925 | 0 | 1.0
-0.018888406455516815 | 0 | 1.0
-0.037939585745334625 | 0 | 1.0
-0.06091573089361191 | 0 | 1.0
Total reward: 8.0
5.7, 5.7, 5.7, 5.7, 5.7, 5.7, 5.7, 5.7, 5.7, 5.7
parameter ends

state | action | reward
[0.04] | 0 | 1.0
0.038318611681461334 | 0 | 1.0
0.034687187522649765 | 0 | 1.0
0.027152108028531075 | 0 | 1.0
0.015711860731244087 | 0 | 1.0
0.00036351659218780696 | 0 | 1.0
-0.018896879628300667 | 0 | 1.0
-0.042073726654052734 | 0 | 1.0
-0.06917102634906769 | 0 | 1.0
Total reward: 9.0
5.7, 5.7, 5.7, 5.7, 5.7, 5.7, 5.7, 5.7, 5.7, 5.7
parameter ends

state | action | reward
[0.04] | 0 | 1.0
0.03886096179485321 | 0 | 1.0
0.03434782847762108 | 0 | 1.0
0.025927158072590828 | 0 | 1.0
0.013597458600997925 | 0 | 1.0
-0.002644080901518464 | 0 | 1.0
-0.022801166400313377 | 0 | 1.0
-0.046877771615982056 | 0 | 1.0
-0.07487723976373672 | 0 | 1.0
Total reward: 9.0
5.7, 5.7, 5.7, 5.7, 5.7, 5.7, 5.7, 5.7, 5.7, 5.7
parameter ends

state | action | reward
[0.03] | 0 | 1.0
0.028461448848247528 | 0 | 1.0
0.023598218336701393 | 0 | 1.0
0.014834986999630928 | 0 | 1.0
0.0021702542435377836 | 0 | 1.0
-0.014398979023098946 | 0 | 1.0
-0.03487686067819595 | 0 | 1.0
-0.05926813557744026 | 0 | 1.0
-0.08757737278938293 | 0 | 1.0
-0.11980791389942169 | 0 | 1.0
Total reward: 10.0
5.7, 5.7, 5.7, 5.7, 5.7, 5.7, 5.7, 5.7, 5.7, 5.7
parameter ends

state | action | reward
[-0.05] | 0 | 1.0
-0.0470617339015007 | 0 | 1.0
-0.05170291289687157 | 0 | 1.0
-0.06024086847901344 | 0 | 1.0
-0.07267731428146362 | 0 | 1.0
-0.08901549130678177 | 0 | 1.0
-0.10925982147455215 | 0 | 1.0
-0.13341538608074188 | 0 | 1.0
-0.1614871472120285 | 0 | 1.0
-0.19347886741161346 | 0 | 1.0
Total reward: 10.0
5.7, 5.7, 5.7, 5.7, 5.7, 5.7, 5.7, 5.7, 5.7, 5.7
parameter ends

state | action | reward
[-0.] | 0 | 1.0
-0.0013529484858736396 | 0 | 1.0
-0.004711166489869356 | 0 | 1.0
-0.011967561207711697 | 0 | 1.0
-0.023123934864997864 | 0 | 1.0
-0.038183584809303284 | 0 | 1.0
-0.05715092644095421 | 0 | 1.0
-0.08003092557191849 | 0 | 1.0
-0.10682831704616547 | 0 | 1.0
-0.13754647970199585 | 0 | 1.0
Total reward: 10.0
5.7, 5.7, 5.7, 5.7, 5.7, 5.7, 5.7, 5.7, 5.7, 5.7
parameter ends

state | action | reward
[0.01] | 0 | 1.0
0.011546970345079899 | 0 | 1.0
0.008161980658769608 | 0 | 1.0
0.0008737687603570521 | 0 | 1.0
-0.010319431312382221 | 0 | 1.0
-0.025420764461159706 | 0 | 1.0
-0.04443433880805969 | 0 | 1.0
-0.06736461818218231 | 0 | 1.0
-0.09421554207801819 | 0 | 1.0
Total reward: 9.0
5.7, 5.7, 5.7, 5.7, 5.7, 5.7, 5.7, 5.7, 5.7, 5.7
parameter ends

state | action | reward
[-0.01] | 0 | 1.0
-0.005299511831253767 | 0 | 1.0
-0.008588144555687904 | 0 | 1.0
-0.01576446183025837 | 0 | 1.0
-0.02683020755648613 | 0 | 1.0
-0.041788823902606964 | 0 | 1.0
-0.06064514070749283 | 0 | 1.0
-0.08340492099523544 | 0 | 1.0
-0.11007420718669891 | 0 | 1.0
-0.1406583935022354 | 0 | 1.0
-0.17516103386878967 | 0 | 1.0
Total reward: 11.0
5.7, 5.7, 5.7, 5.7, 5.7, 5.7, 5.7, 5.7, 5.7, 5.7
parameter ends

state | action | reward
[0.05] | 0 | 1.0
0.04885885864496231 | 0 | 1.0
0.04497446492314339 | 0 | 1.0
0.03717543184757233 | 0 | 1.0
0.025460662320256233 | 0 | 1.0
0.009827874600887299 | 0 | 1.0
-0.009725956246256828 | 0 | 1.0
-0.03320394083857536 | 0 | 1.0
Total reward: 8.0
5.7, 5.7, 5.7, 5.7, 5.7, 5.7, 5.7, 5.7, 5.7, 5.7
parameter ends

state | action | reward
[-0.02] | 0 | 1.0
-0.01988223008811474 | 0 | 1.0
-0.023458300158381462 | 0 | 1.0
-0.030937043949961662 | 0 | 1.0
-0.04232029244303703 | 0 | 1.0
-0.057611264288425446 | 0 | 1.0
-0.07681412994861603 | 0 | 1.0
-0.09993342310190201 | 0 | 1.0
-0.12697313725948334 | 0 | 1.0
Total reward: 9.0
5.7, 5.7, 5.7, 5.7, 5.7, 5.7, 5.7, 5.7, 5.7, 5.7
parameter ends

state | action | reward
[-0.04] | 0 | 1.0
-0.04392851144075394 | 0 | 1.0
-0.04789430648088455 | 0 | 1.0
-0.055753543972969055 | 0 | 1.0
-0.06750815361738205 | 0 | 1.0
-0.0831616222858429 | 0 | 1.0
-0.10271866619586945 | 0 | 1.0
-0.12618470191955566 | 0 | 1.0
-0.15356504917144775 | 0 | 1.0
-0.18486398458480835 | 0 | 1.0
Total reward: 10.0
5.7, 5.7, 5.7, 5.7, 5.7, 5.7, 5.7, 5.7, 5.7, 5.7
parameter ends

state | action | reward
[-0.02] | 0 | 1.0
-0.02159230411052704 | 0 | 1.0
-0.025500468909740448 | 0 | 1.0
-0.033296968787908554 | 0 | 1.0
-0.044983871281147 | 0 | 1.0
-0.06056489422917366 | 0 | 1.0
-0.08004506677389145 | 0 | 1.0
-0.10343021154403687 | 0 | 1.0
-0.13072627782821655 | 0 | 1.0
-0.1619383543729782 | 0 | 1.0
Total reward: 10.0
5.7, 5.7, 5.7, 5.7, 5.7, 5.7, 5.7, 5.7, 5.7, 5.7
parameter ends

state | action | reward
[0.03] | 0 | 1.0
0.03071284107863903 | 0 | 1.0
0.026809867471456528 | 0 | 1.0
0.018996471539139748 | 0 | 1.0
0.007271086797118187 | 0 | 1.0
-0.008369061164557934 | 0 | 1.0
-0.027927499264478683 | 0 | 1.0
-0.0514078289270401 | 0 | 1.0
-0.07881276309490204 | 0 | 1.0
Total reward: 9.0
5.7, 5.7, 5.7, 5.7, 5.7, 5.7, 5.7, 5.7, 5.7, 5.7
parameter ends

state | action | reward
[0.03] | 0 | 1.0
0.028077201917767525 | 0 | 1.0
0.02411480061709881 | 0 | 1.0
0.016251791268587112 | 0 | 1.0
0.004486731719225645 | 0 | 1.0
-0.01118332240730524 | 0 | 1.0
-0.030762456357479095 | 0 | 1.0
-0.054255351424217224 | 0 | 1.0
-0.0816665068268776 | 0 | 1.0
-0.11299918591976166 | 0 | 1.0
Total reward: 10.0
5.7, 5.7, 5.7, 5.7, 5.7, 5.7, 5.7, 5.7, 5.7, 5.7
parameter ends

state | action | reward
[-0.03] | 0 | 1.0
-0.031569644808769226 | 0 | 1.0
-0.03484001383185387 | 0 | 1.0
-0.042022738605737686 | 0 | 1.0
-0.053119152784347534 | 0 | 1.0
-0.06813179701566696 | 0 | 1.0
-0.08706396818161011 | 0 | 1.0
-0.10991903394460678 | 0 | 1.0
-0.13669952750205994 | 0 | 1.0
Total reward: 9.0
5.7, 5.7, 5.7, 5.7, 5.7, 5.7, 5.7, 5.7, 5.7, 5.7
parameter ends

state | action | reward
[0.02] | 0 | 1.0
0.021520504727959633 | 0 | 1.0
0.01717602089047432 | 0 | 1.0
0.008925997652113438 | 0 | 1.0
-0.003231317037716508 | 0 | 1.0
-0.019298991188406944 | 0 | 1.0
-0.039280980825424194 | 0 | 1.0
-0.06318148225545883 | 0 | 1.0
-0.09100403636693954 | 0 | 1.0
Total reward: 9.0
5.7, 5.7, 5.7, 5.7, 5.7, 5.7, 5.7, 5.7, 5.7, 5.7
parameter ends

state | action | reward
[-0.04] | 0 | 1.0
-0.040311116725206375 | 0 | 1.0
-0.04437785968184471 | 0 | 1.0
-0.05235258489847183 | 0 | 1.0
-0.06423656642436981 | 0 | 1.0
-0.08003242313861847 | 0 | 1.0
-0.09974372386932373 | 0 | 1.0
-0.12337439507246017 | 0 | 1.0
-0.1509278416633606 | 0 | 1.0
Total reward: 9.0
5.7, 5.7, 5.7, 5.7, 5.7, 5.7, 5.7, 5.7, 5.7, 5.7
parameter ends

state | action | reward
[-0.04] | 0 | 1.0
-0.03649673983454704 | 0 | 1.0
-0.04103681445121765 | 0 | 1.0
-0.04946526139974594 | 0 | 1.0
-0.06178417429327965 | 0 | 1.0
-0.07799728214740753 | 0 | 1.0
-0.09810961782932281 | 0 | 1.0
-0.12212702631950378 | 0 | 1.0
-0.1500554382801056 | 0 | 1.0
-0.18189992010593414 | 0 | 1.0
Total reward: 10.0
5.7, 5.7, 5.7, 5.7, 5.7, 5.7, 5.7, 5.7, 5.7, 5.7
parameter ends

state | action | reward
[0.02] | 0 | 1.0
0.015471127815544605 | 0 | 1.0
0.010787819512188435 | 0 | 1.0
0.002209108555689454 | 0 | 1.0
-0.010266953147947788 | 0 | 1.0
-0.026643840596079826 | 0 | 1.0
-0.04692619666457176 | 0 | 1.0
-0.07111925631761551 | 0 | 1.0
-0.09922810643911362 | 0 | 1.0
-0.1312565803527832 | 0 | 1.0
Total reward: 10.0
5.7, 5.7, 5.7, 5.7, 5.7, 5.7, 5.7, 5.7, 5.7, 5.7
parameter ends

state | action | reward
[0.03] | 0 | 1.0
0.030933918431401253 | 0 | 1.0
0.026304662227630615 | 0 | 1.0
0.017760425806045532 | 0 | 1.0
0.0053000920452177525 | 0 | 1.0
-0.011078613810241222 | 0 | 1.0
-0.031378693878650665 | 0 | 1.0
-0.055603209882974625 | 0 | 1.0
Total reward: 8.0
