5.4, 5.4, 5.4, 5.4, 5.4, 5.4, 5.4, 5.4, 5.4, 5.4
parameter ends

state | action | reward
[-0.02] | 0 | 1.0
-0.016822680830955505 | 0 | 1.0
-0.020322656258940697 | 0 | 1.0
-0.027727661654353142 | 0 | 1.0
-0.03903905302286148 | 0 | 1.0
-0.054259587079286575 | 0 | 1.0
-0.07339306175708771 | 0 | 1.0
-0.09644371271133423 | 0 | 1.0
-0.12341541051864624 | 0 | 1.0
Total reward: 9.0
5.4, 5.4, 5.4, 5.4, 5.4, 5.4, 5.4, 5.4, 5.4, 5.4
parameter ends

state | action | reward
[-0.02] | 0 | 1.0
-0.019749226048588753 | 0 | 1.0
-0.023759886622428894 | 0 | 1.0
-0.03166847303509712 | 0 | 1.0
-0.04347652569413185 | 0 | 1.0
-0.05918712541460991 | 0 | 1.0
-0.07880455255508423 | 0 | 1.0
-0.10233373939990997 | 0 | 1.0
-0.12977953255176544 | 0 | 1.0
-0.1611456573009491 | 0 | 1.0
Total reward: 10.0
5.4, 5.4, 5.4, 5.4, 5.4, 5.4, 5.4, 5.4, 5.4, 5.4
parameter ends

state | action | reward
[0.04] | 0 | 1.0
0.037666793912649155 | 0 | 1.0
0.034686796367168427 | 0 | 1.0
0.027797436341643333 | 0 | 1.0
0.0169972013682127 | 0 | 1.0
0.0022833289112895727 | 0 | 1.0
-0.016347764059901237 | 0 | 1.0
-0.03889982029795647 | 0 | 1.0
-0.06537583470344543 | 0 | 1.0
Total reward: 9.0
5.4, 5.4, 5.4, 5.4, 5.4, 5.4, 5.4, 5.4, 5.4, 5.4
parameter ends

state | action | reward
[0.03] | 0 | 1.0
0.03434786945581436 | 0 | 1.0
0.031095627695322037 | 0 | 1.0
0.023942628875374794 | 0 | 1.0
0.012887305580079556 | 0 | 1.0
-0.002073384588584304 | 0 | 1.0
-0.02094358764588833 | 0 | 1.0
-0.043727993965148926 | 0 | 1.0
-0.07043103128671646 | 0 | 1.0
-0.1010558009147644 | 0 | 1.0
Total reward: 10.0
5.4, 5.4, 5.4, 5.4, 5.4, 5.4, 5.4, 5.4, 5.4, 5.4
parameter ends

state | action | reward
[-0.03] | 0 | 1.0
-0.027823761105537415 | 0 | 1.0
-0.032366421073675156 | 0 | 1.0
-0.04082347825169563 | 0 | 1.0
-0.05319611728191376 | 0 | 1.0
-0.06948669254779816 | 0 | 1.0
-0.08969828486442566 | 0 | 1.0
-0.11383401602506638 | 0 | 1.0
Total reward: 8.0
5.4, 5.4, 5.4, 5.4, 5.4, 5.4, 5.4, 5.4, 5.4, 5.4
parameter ends

state | action | reward
[-0.03] | 0 | 1.0
-0.02840450219810009 | 0 | 1.0
-0.033191971480846405 | 0 | 1.0
-0.04188147559762001 | 0 | 1.0
-0.054474737495183945 | 0 | 1.0
-0.07097490131855011 | 0 | 1.0
-0.09138613194227219 | 0 | 1.0
-0.11571300774812698 | 0 | 1.0
-0.14395970106124878 | 0 | 1.0
Total reward: 9.0
5.4, 5.4, 5.4, 5.4, 5.4, 5.4, 5.4, 5.4, 5.4, 5.4
parameter ends

state | action | reward
[0.04] | 0 | 1.0
0.04056543484330177 | 0 | 1.0
0.0375506691634655 | 0 | 1.0
0.030628154054284096 | 0 | 1.0
0.019796228036284447 | 0 | 1.0
0.005051957443356514 | 0 | 1.0
-0.013608420267701149 | 0 | 1.0
-0.03618884086608887 | 0 | 1.0
-0.06269248574972153 | 0 | 1.0
Total reward: 9.0
5.4, 5.4, 5.4, 5.4, 5.4, 5.4, 5.4, 5.4, 5.4, 5.4
parameter ends

state | action | reward
[-0.01] | 0 | 1.0
-0.014176709577441216 | 0 | 1.0
-0.017638342455029488 | 0 | 1.0
-0.025002887472510338 | 0 | 1.0
-0.036271851509809494 | 0 | 1.0
-0.05144817382097244 | 0 | 1.0
-0.07053585350513458 | 0 | 1.0
-0.09353935718536377 | 0 | 1.0
-0.1204628199338913 | 0 | 1.0
Total reward: 9.0
5.4, 5.4, 5.4, 5.4, 5.4, 5.4, 5.4, 5.4, 5.4, 5.4
parameter ends

state | action | reward
[-0.02] | 0 | 1.0
-0.01739347167313099 | 0 | 1.0
-0.02051198109984398 | 0 | 1.0
-0.027526885271072388 | 0 | 1.0
-0.03843994066119194 | 0 | 1.0
-0.05325443670153618 | 0 | 1.0
-0.07197484374046326 | 0 | 1.0
-0.09460629522800446 | 0 | 1.0
-0.12115376442670822 | 0 | 1.0
-0.15162107348442078 | 0 | 1.0
Total reward: 10.0
5.4, 5.4, 5.4, 5.4, 5.4, 5.4, 5.4, 5.4, 5.4, 5.4
parameter ends

state | action | reward
[0.] | 0 | 1.0
-4.8203787628153805e-06 | 0 | 1.0
-0.004170890431851149 | 0 | 1.0
-0.012224746868014336 | 0 | 1.0
-0.024168221279978752 | 0 | 1.0
-0.040004827082157135 | 0 | 1.0
-0.05973944813013077 | 0 | 1.0
-0.08337787538766861 | 0 | 1.0
-0.11092612892389297 | 0 | 1.0
-0.14238953590393066 | 0 | 1.0
-0.17777152359485626 | 0 | 1.0
Total reward: 11.0
5.4, 5.4, 5.4, 5.4, 5.4, 5.4, 5.4, 5.4, 5.4, 5.4
parameter ends

state | action | reward
[0.01] | 0 | 1.0
0.013015725649893284 | 0 | 1.0
0.009771561250090599 | 0 | 1.0
0.0026396424509584904 | 0 | 1.0
-0.008381661958992481 | 0 | 1.0
-0.023295685648918152 | 0 | 1.0
-0.04210718348622322 | 0 | 1.0
-0.06482186168432236 | 0 | 1.0
-0.09144575893878937 | 0 | 1.0
-0.1219843178987503 | 0 | 1.0
-0.15644124150276184 | 0 | 1.0
Total reward: 11.0
5.4, 5.4, 5.4, 5.4, 5.4, 5.4, 5.4, 5.4, 5.4, 5.4
parameter ends

state | action | reward
[0.02] | 0 | 1.0
0.015989992767572403 | 0 | 1.0
0.011537845246493816 | 0 | 1.0
0.0031832267995923758 | 0 | 1.0
-0.009075370617210865 | 0 | 1.0
-0.02524089813232422 | 0 | 1.0
-0.04531737416982651 | 0 | 1.0
-0.06930931657552719 | 0 | 1.0
-0.09722092747688293 | 0 | 1.0
Total reward: 9.0
5.4, 5.4, 5.4, 5.4, 5.4, 5.4, 5.4, 5.4, 5.4, 5.4
parameter ends

state | action | reward
[0.02] | 0 | 1.0
0.021590549498796463 | 0 | 1.0
0.017688414081931114 | 0 | 1.0
0.009898916818201542 | 0 | 1.0
-0.0017797197215259075 | 0 | 1.0
-0.01735096238553524 | 0 | 1.0
-0.03681967407464981 | 0 | 1.0
-0.060191646218299866 | 0 | 1.0
-0.08747295290231705 | 0 | 1.0
-0.11866902559995651 | 0 | 1.0
-0.15378345549106598 | 0 | 1.0
Total reward: 11.0
5.4, 5.4, 5.4, 5.4, 5.4, 5.4, 5.4, 5.4, 5.4, 5.4
parameter ends

state | action | reward
[0.04] | 0 | 1.0
0.04386517405509949 | 0 | 1.0
0.040649764239788055 | 0 | 1.0
0.033519696444272995 | 0 | 1.0
0.022473568096756935 | 0 | 1.0
0.007508875802159309 | 0 | 1.0
-0.011377505958080292 | 0 | 1.0
-0.03418860584497452 | 0 | 1.0
Total reward: 8.0
5.4, 5.4, 5.4, 5.4, 5.4, 5.4, 5.4, 5.4, 5.4, 5.4
parameter ends

state | action | reward
[0.02] | 0 | 1.0
0.021178098395466805 | 0 | 1.0
0.017284810543060303 | 0 | 1.0
0.009496781975030899 | 0 | 1.0
-0.002187707694247365 | 0 | 1.0
-0.017771955579519272 | 0 | 1.0
-0.037260495126247406 | 0 | 1.0
-0.06065857782959938 | 0 | 1.0
-0.08797141164541245 | 0 | 1.0
-0.11920318752527237 | 0 | 1.0
Total reward: 10.0
5.4, 5.4, 5.4, 5.4, 5.4, 5.4, 5.4, 5.4, 5.4, 5.4
parameter ends

state | action | reward
[0.01] | 0 | 1.0
0.007937333546578884 | 0 | 1.0
0.0033504420425742865 | 0 | 1.0
-0.005132406949996948 | 0 | 1.0
-0.017513258382678032 | 0 | 1.0
-0.03379565849900246 | 0 | 1.0
-0.053984273225069046 | 0 | 1.0
-0.0780843198299408 | 0 | 1.0
-0.10610075294971466 | 0 | 1.0
-0.13803720474243164 | 0 | 1.0
Total reward: 10.0
5.4, 5.4, 5.4, 5.4, 5.4, 5.4, 5.4, 5.4, 5.4, 5.4
parameter ends

state | action | reward
[0.02] | 0 | 1.0
0.019320286810398102 | 0 | 1.0
0.015091616660356522 | 0 | 1.0
0.006970877293497324 | 0 | 1.0
-0.0050435313023626804 | 0 | 1.0
-0.02095484547317028 | 0 | 1.0
-0.04076763615012169 | 0 | 1.0
-0.06448731571435928 | 0 | 1.0
-0.09211944043636322 | 0 | 1.0
-0.12366878241300583 | 0 | 1.0
Total reward: 10.0
5.4, 5.4, 5.4, 5.4, 5.4, 5.4, 5.4, 5.4, 5.4, 5.4
parameter ends

state | action | reward
[-0.02] | 0 | 1.0
-0.014538639225065708 | 0 | 1.0
-0.017725560814142227 | 0 | 1.0
-0.02480279840528965 | 0 | 1.0
-0.03577253967523575 | 0 | 1.0
-0.050638552755117416 | 0 | 1.0
-0.06940586119890213 | 0 | 1.0
-0.09208018332719803 | 0 | 1.0
-0.11866720020771027 | 0 | 1.0
-0.14917154610157013 | 0 | 1.0
Total reward: 10.0
5.4, 5.4, 5.4, 5.4, 5.4, 5.4, 5.4, 5.4, 5.4, 5.4
parameter ends

state | action | reward
[0.03] | 0 | 1.0
0.025049692019820213 | 0 | 1.0
0.020458679646253586 | 0 | 1.0
0.011963088996708393 | 0 | 1.0
-0.0004384180065244436 | 0 | 1.0
-0.016748599708080292 | 0 | 1.0
-0.03697126358747482 | 0 | 1.0
-0.06111070141196251 | 0 | 1.0
-0.08917085081338882 | 0 | 1.0
Total reward: 9.0
5.4, 5.4, 5.4, 5.4, 5.4, 5.4, 5.4, 5.4, 5.4, 5.4
parameter ends

state | action | reward
[-0.04] | 0 | 1.0
-0.04054688662290573 | 0 | 1.0
-0.04517624154686928 | 0 | 1.0
-0.05370600149035454 | 0 | 1.0
-0.0661376565694809 | 0 | 1.0
-0.08247416466474533 | 0 | 1.0
-0.10271964967250824 | 0 | 1.0
-0.12687881290912628 | 0 | 1.0
-0.15495619177818298 | 0 | 1.0
-0.1869550198316574 | 0 | 1.0
Total reward: 10.0
