5.0, 5.0, 5.0, 5.0, 5.0, 5.0, 5.0, 5.0, 5.0, 5.0
parameter ends

state | action | reward
[0.02] | 0 | 1.0
0.020762376487255096 | 0 | 1.0
0.016060316935181618 | 0 | 1.0
0.007467214018106461 | 0 | 1.0
-0.005018883850425482 | 0 | 1.0
-0.02140153758227825 | 0 | 1.0
-0.04168558120727539 | 0 | 1.0
-0.06587661802768707 | 0 | 1.0
-0.09398027509450912 | 0 | 1.0
-0.1260012537240982 | 0 | 1.0
Total reward: 10.0
5.0, 5.0, 5.0, 5.0, 5.0, 5.0, 5.0, 5.0, 5.0, 5.0
parameter ends

state | action | reward
[-0.05] | 0 | 1.0
-0.04887653887271881 | 0 | 1.0
-0.053297702223062515 | 0 | 1.0
-0.06163370609283447 | 0 | 1.0
-0.07388599961996078 | 0 | 1.0
-0.0900571197271347 | 0 | 1.0
-0.11015016585588455 | 0 | 1.0
-0.13416814804077148 | 0 | 1.0
Total reward: 8.0
5.0, 5.0, 5.0, 5.0, 5.0, 5.0, 5.0, 5.0, 5.0, 5.0
parameter ends

state | action | reward
[-0.04] | 0 | 1.0
-0.040732622146606445 | 0 | 1.0
-0.04489811882376671 | 0 | 1.0
-0.05297057703137398 | 0 | 1.0
-0.06495130062103271 | 0 | 1.0
-0.08084295690059662 | 0 | 1.0
-0.10064919292926788 | 0 | 1.0
-0.12437404692173004 | 0 | 1.0
-0.15202108025550842 | 0 | 1.0
Total reward: 9.0
5.0, 5.0, 5.0, 5.0, 5.0, 5.0, 5.0, 5.0, 5.0, 5.0
parameter ends

state | action | reward
[-0.] | 0 | 1.0
-0.0013921988429501653 | 0 | 1.0
-0.004802491515874863 | 0 | 1.0
-0.012122470885515213 | 0 | 1.0
-0.0233536958694458 | 0 | 1.0
-0.038498956710100174 | 0 | 1.0
-0.05756183713674545 | 0 | 1.0
-0.08054603636264801 | 0 | 1.0
-0.10745442658662796 | 0 | 1.0
Total reward: 9.0
5.0, 5.0, 5.0, 5.0, 5.0, 5.0, 5.0, 5.0, 5.0, 5.0
parameter ends

state | action | reward
[0.04] | 0 | 1.0
0.04435228556394577 | 0 | 1.0
0.04065262898802757 | 0 | 1.0
0.03304005786776543 | 0 | 1.0
0.02151324413716793 | 0 | 1.0
0.006069679278880358 | 0 | 1.0
-0.013293878175318241 | 0 | 1.0
-0.036580730229616165 | 0 | 1.0
Total reward: 8.0
5.0, 5.0, 5.0, 5.0, 5.0, 5.0, 5.0, 5.0, 5.0, 5.0
parameter ends

state | action | reward
[0.04] | 0 | 1.0
0.0360223688185215 | 0 | 1.0
0.032181497663259506 | 0 | 1.0
0.024429528042674065 | 0 | 1.0
0.012764954939484596 | 0 | 1.0
-0.0028149359859526157 | 0 | 1.0
-0.022313600406050682 | 0 | 1.0
-0.045734554529190063 | 0 | 1.0
-0.07308042049407959 | 0 | 1.0
Total reward: 9.0
5.0, 5.0, 5.0, 5.0, 5.0, 5.0, 5.0, 5.0, 5.0, 5.0
parameter ends

state | action | reward
[0.03] | 0 | 1.0
0.03427107632160187 | 0 | 1.0
0.031257227063179016 | 0 | 1.0
0.024343978613615036 | 0 | 1.0
0.013529371470212936 | 0 | 1.0
-0.0011899947421625257 | 0 | 1.0
-0.019818559288978577 | 0 | 1.0
-0.042361196130514145 | 0 | 1.0
-0.06882237643003464 | 0 | 1.0
Total reward: 9.0
5.0, 5.0, 5.0, 5.0, 5.0, 5.0, 5.0, 5.0, 5.0, 5.0
parameter ends

state | action | reward
[0.02] | 0 | 1.0
0.023345664143562317 | 0 | 1.0
0.019598927348852158 | 0 | 1.0
0.011940519325435162 | 0 | 1.0
0.00036923607694916427 | 0 | 1.0
-0.015117375180125237 | 0 | 1.0
-0.03452260047197342 | 0 | 1.0
-0.05784992873668671 | 0 | 1.0
-0.0851021409034729 | 0 | 1.0
Total reward: 9.0
5.0, 5.0, 5.0, 5.0, 5.0, 5.0, 5.0, 5.0, 5.0, 5.0
parameter ends

state | action | reward
[0.04] | 0 | 1.0
0.04038621485233307 | 0 | 1.0
0.035599417984485626 | 0 | 1.0
0.02690287120640278 | 0 | 1.0
0.014295179396867752 | 0 | 1.0
-0.002226315438747406 | 0 | 1.0
-0.02266511879861355 | 0 | 1.0
-0.047024939209222794 | 0 | 1.0
-0.07530878484249115 | 0 | 1.0
Total reward: 9.0
5.0, 5.0, 5.0, 5.0, 5.0, 5.0, 5.0, 5.0, 5.0, 5.0
parameter ends

state | action | reward
[-0.01] | 0 | 1.0
-0.0043715424835681915 | 0 | 1.0
-0.00749227637425065 | 0 | 1.0
-0.014524399302899837 | 0 | 1.0
-0.02546943910419941 | 0 | 1.0
-0.040330104529857635 | 0 | 1.0
-0.05910983681678772 | 0 | 1.0
-0.08181210607290268 | 0 | 1.0
-0.10843946784734726 | 0 | 1.0
Total reward: 9.0
5.0, 5.0, 5.0, 5.0, 5.0, 5.0, 5.0, 5.0, 5.0, 5.0
parameter ends

state | action | reward
[-0.01] | 0 | 1.0
-0.008068897761404514 | 0 | 1.0
-0.012424254789948463 | 0 | 1.0
-0.020685609430074692 | 0 | 1.0
-0.03285425156354904 | 0 | 1.0
-0.04893285781145096 | 0 | 1.0
-0.06892513483762741 | 0 | 1.0
-0.09283521771430969 | 0 | 1.0
-0.12066683918237686 | 0 | 1.0
Total reward: 9.0
5.0, 5.0, 5.0, 5.0, 5.0, 5.0, 5.0, 5.0, 5.0, 5.0
parameter ends

state | action | reward
[-0.02] | 0 | 1.0
-0.014771172776818275 | 0 | 1.0
-0.017826661467552185 | 0 | 1.0
-0.02477973699569702 | 0 | 1.0
-0.0356319434940815 | 0 | 1.0
-0.05038636177778244 | 0 | 1.0
-0.06904728710651398 | 0 | 1.0
-0.09161969274282455 | 0 | 1.0
-0.11810845136642456 | 0 | 1.0
-0.14851737022399902 | 0 | 1.0
Total reward: 10.0
5.0, 5.0, 5.0, 5.0, 5.0, 5.0, 5.0, 5.0, 5.0, 5.0
parameter ends

state | action | reward
[0.] | 0 | 1.0
0.001622208277694881 | 0 | 1.0
-0.0027007507160305977 | 0 | 1.0
-0.010932739824056625 | 0 | 1.0
-0.023075347766280174 | 0 | 1.0
-0.03913141041994095 | 0 | 1.0
-0.059104565531015396 | 0 | 1.0
-0.0829985961318016 | 0 | 1.0
-0.11081649363040924 | 0 | 1.0
Total reward: 9.0
5.0, 5.0, 5.0, 5.0, 5.0, 5.0, 5.0, 5.0, 5.0, 5.0
parameter ends

state | action | reward
[-0.04] | 0 | 1.0
-0.035191815346479416 | 0 | 1.0
-0.03846448287367821 | 0 | 1.0
-0.045625511556863785 | 0 | 1.0
-0.056676674634218216 | 0 | 1.0
-0.07162142544984818 | 0 | 1.0
-0.09046459197998047 | 0 | 1.0
-0.11321189999580383 | 0 | 1.0
-0.1398693174123764 | 0 | 1.0
-0.1704421043395996 | 0 | 1.0
-0.20493362843990326 | 0 | 1.0
Total reward: 11.0
5.0, 5.0, 5.0, 5.0, 5.0, 5.0, 5.0, 5.0, 5.0, 5.0
parameter ends

state | action | reward
[0.] | 0 | 1.0
-0.00044404069194570184 | 0 | 1.0
-0.005245494656264782 | 0 | 1.0
-0.013946780934929848 | 0 | 1.0
-0.02654961682856083 | 0 | 1.0
-0.043057192116975784 | 0 | 1.0
-0.06347378343343735 | 0 | 1.0
-0.08780419826507568 | 0 | 1.0
-0.11605294048786163 | 0 | 1.0
-0.1482231467962265 | 0 | 1.0
Total reward: 10.0
5.0, 5.0, 5.0, 5.0, 5.0, 5.0, 5.0, 5.0, 5.0, 5.0
parameter ends

state | action | reward
[0.01] | 0 | 1.0
0.007312719244509935 | 0 | 1.0
0.0040289610624313354 | 0 | 1.0
-0.0031678571831434965 | 0 | 1.0
-0.014279286377131939 | 0 | 1.0
-0.029307996854186058 | 0 | 1.0
-0.04825729876756668 | 0 | 1.0
-0.0711304098367691 | 0 | 1.0
Total reward: 8.0
5.0, 5.0, 5.0, 5.0, 5.0, 5.0, 5.0, 5.0, 5.0, 5.0
parameter ends

state | action | reward
[-0.02] | 0 | 1.0
-0.01770259067416191 | 0 | 1.0
-0.021591316908597946 | 0 | 1.0
-0.029369542375206947 | 0 | 1.0
-0.04103944078087807 | 0 | 1.0
-0.056604791432619095 | 0 | 1.0
-0.0760706439614296 | 0 | 1.0
-0.09944277256727219 | 0 | 1.0
-0.12672697007656097 | 0 | 1.0
-0.15792803466320038 | 0 | 1.0
Total reward: 10.0
5.0, 5.0, 5.0, 5.0, 5.0, 5.0, 5.0, 5.0, 5.0, 5.0
parameter ends

state | action | reward
[-0.01] | 0 | 1.0
-0.014404798857867718 | 0 | 1.0
-0.019228532910346985 | 0 | 1.0
-0.02796121872961521 | 0 | 1.0
-0.0406043715775013 | 0 | 1.0
-0.057160768657922745 | 0 | 1.0
-0.07763402909040451 | 0 | 1.0
-0.10202795267105103 | 0 | 1.0
-0.13034559786319733 | 0 | 1.0
Total reward: 9.0
5.0, 5.0, 5.0, 5.0, 5.0, 5.0, 5.0, 5.0, 5.0, 5.0
parameter ends

state | action | reward
[-0.01] | 0 | 1.0
-0.0073175085708498955 | 0 | 1.0
-0.01211653184145689 | 0 | 1.0
-0.02082296647131443 | 0 | 1.0
-0.03343813866376877 | 0 | 1.0
-0.049964722245931625 | 0 | 1.0
-0.07040634751319885 | 0 | 1.0
-0.0947669968008995 | 0 | 1.0
-0.12305016070604324 | 0 | 1.0
Total reward: 9.0
5.0, 5.0, 5.0, 5.0, 5.0, 5.0, 5.0, 5.0, 5.0, 5.0
parameter ends

state | action | reward
[0.03] | 0 | 1.0
0.03034268133342266 | 0 | 1.0
0.026216940954327583 | 0 | 1.0
0.01818365603685379 | 0 | 1.0
0.0062415418215096 | 0 | 1.0
-0.009612035937607288 | 0 | 1.0
-0.0293806791305542 | 0 | 1.0
-0.053068358451128006 | 0 | 1.0
-0.0806785598397255 | 0 | 1.0
Total reward: 9.0
