5.2, 5.2, 5.2, 5.2, 5.2, 5.2, 5.2, 5.2, 5.2, 5.2
parameter ends

state | action | reward
[0.02] | 0 | 1.0
0.01857227087020874 | 0 | 1.0
0.014829730615019798 | 0 | 1.0
0.00718718022108078 | 0 | 1.0
-0.0043568965047597885 | 0 | 1.0
-0.01980551704764366 | 0 | 1.0
-0.03916283696889877 | 0 | 1.0
-0.06243360787630081 | 0 | 1.0
-0.0896223857998848 | 0 | 1.0
-0.12073249369859695 | 0 | 1.0
Total reward: 10.0
5.2, 5.2, 5.2, 5.2, 5.2, 5.2, 5.2, 5.2, 5.2, 5.2
parameter ends

state | action | reward
[0.02] | 0 | 1.0
0.023165341466665268 | 0 | 1.0
0.019019367173314095 | 0 | 1.0
0.010962143540382385 | 0 | 1.0
-0.0010077577317133546 | 0 | 1.0
-0.01689298264682293 | 0 | 1.0
-0.03669694438576698 | 0 | 1.0
-0.06042315065860748 | 0 | 1.0
-0.08807427436113358 | 0 | 1.0
Total reward: 9.0
5.2, 5.2, 5.2, 5.2, 5.2, 5.2, 5.2, 5.2, 5.2, 5.2
parameter ends

state | action | reward
[-0.02] | 0 | 1.0
-0.01992132142186165 | 0 | 1.0
-0.024335971102118492 | 0 | 1.0
-0.032661229372024536 | 0 | 1.0
-0.0448983758687973 | 0 | 1.0
-0.061049964278936386 | 0 | 1.0
-0.08111938834190369 | 0 | 1.0
-0.10511025786399841 | 0 | 1.0
-0.13302551209926605 | 0 | 1.0
Total reward: 9.0
5.2, 5.2, 5.2, 5.2, 5.2, 5.2, 5.2, 5.2, 5.2, 5.2
parameter ends

state | action | reward
[0.04] | 0 | 1.0
0.04302777349948883 | 0 | 1.0
0.03974870592355728 | 0 | 1.0
0.032557450234889984 | 0 | 1.0
0.021452724933624268 | 0 | 1.0
0.006432019639760256 | 0 | 1.0
-0.012507949024438858 | 0 | 1.0
-0.0353705920279026 | 0 | 1.0
-0.06215851008892059 | 0 | 1.0
Total reward: 9.0
5.2, 5.2, 5.2, 5.2, 5.2, 5.2, 5.2, 5.2, 5.2, 5.2
parameter ends

state | action | reward
[-0.05] | 0 | 1.0
-0.04868603125214577 | 0 | 1.0
-0.05217066779732704 | 0 | 1.0
-0.05956542119383812 | 0 | 1.0
-0.07087152451276779 | 0 | 1.0
-0.08609150350093842 | 0 | 1.0
-0.10522876679897308 | 0 | 1.0
-0.12828700244426727 | 0 | 1.0
-0.15526923537254333 | 0 | 1.0
Total reward: 9.0
5.2, 5.2, 5.2, 5.2, 5.2, 5.2, 5.2, 5.2, 5.2, 5.2
parameter ends

state | action | reward
[-0.04] | 0 | 1.0
-0.04295091703534126 | 0 | 1.0
-0.04652455449104309 | 0 | 1.0
-0.05399765819311142 | 0 | 1.0
-0.06537172198295593 | 0 | 1.0
-0.08064974844455719 | 0 | 1.0
-0.09983590990304947 | 0 | 1.0
-0.12293499708175659 | 0 | 1.0
-0.14995165169239044 | 0 | 1.0
-0.1808893382549286 | 0 | 1.0
Total reward: 10.0
5.2, 5.2, 5.2, 5.2, 5.2, 5.2, 5.2, 5.2, 5.2, 5.2
parameter ends

state | action | reward
[-0.01] | 0 | 1.0
-0.014472328126430511 | 0 | 1.0
-0.019245855510234833 | 0 | 1.0
-0.027928633615374565 | 0 | 1.0
-0.04052230343222618 | 0 | 1.0
-0.05702972784638405 | 0 | 1.0
-0.07745455950498581 | 0 | 1.0
-0.10180053859949112 | 0 | 1.0
-0.13007056713104248 | 0 | 1.0
Total reward: 9.0
5.2, 5.2, 5.2, 5.2, 5.2, 5.2, 5.2, 5.2, 5.2, 5.2
parameter ends

state | action | reward
[0.04] | 0 | 1.0
0.035102106630802155 | 0 | 1.0
0.030810732394456863 | 0 | 1.0
0.022605160251259804 | 0 | 1.0
0.010484036058187485 | 0 | 1.0
-0.005555117968469858 | 0 | 1.0
-0.025515448302030563 | 0 | 1.0
-0.04940006881952286 | 0 | 1.0
Total reward: 8.0
5.2, 5.2, 5.2, 5.2, 5.2, 5.2, 5.2, 5.2, 5.2, 5.2
parameter ends

state | action | reward
[0.02] | 0 | 1.0
0.02369808405637741 | 0 | 1.0
0.02038699947297573 | 0 | 1.0
0.013170166872441769 | 0 | 1.0
0.002046219538897276 | 0 | 1.0
-0.01298759039491415 | 0 | 1.0
-0.03193501755595207 | 0 | 1.0
-0.05480022728443146 | 0 | 1.0
-0.08158696442842484 | 0 | 1.0
Total reward: 9.0
5.2, 5.2, 5.2, 5.2, 5.2, 5.2, 5.2, 5.2, 5.2, 5.2
parameter ends

state | action | reward
[0.04] | 0 | 1.0
0.04109331592917442 | 0 | 1.0
0.036505602300167084 | 0 | 1.0
0.028025059029459953 | 0 | 1.0
0.0156498271971941 | 0 | 1.0
-0.0006235422333702445 | 0 | 1.0
-0.020799750462174416 | 0 | 1.0
-0.04488423466682434 | 0 | 1.0
-0.07288242131471634 | 0 | 1.0
-0.10479874908924103 | 0 | 1.0
Total reward: 10.0
5.2, 5.2, 5.2, 5.2, 5.2, 5.2, 5.2, 5.2, 5.2, 5.2
parameter ends

state | action | reward
[-0.01] | 0 | 1.0
-0.013944718055427074 | 0 | 1.0
-0.01805916614830494 | 0 | 1.0
-0.026073958724737167 | 0 | 1.0
-0.0379907451570034 | 0 | 1.0
-0.053812649101018906 | 0 | 1.0
-0.07354388386011124 | 0 | 1.0
-0.09718919545412064 | 0 | 1.0
-0.12475304305553436 | 0 | 1.0
-0.15623851120471954 | 0 | 1.0
Total reward: 10.0
5.2, 5.2, 5.2, 5.2, 5.2, 5.2, 5.2, 5.2, 5.2, 5.2
parameter ends

state | action | reward
[0.01] | 0 | 1.0
0.013610525988042355 | 0 | 1.0
0.008741411380469799 | 0 | 1.0
-4.024995359941386e-05 | 0 | 1.0
-0.012736022472381592 | 0 | 1.0
-0.02934860810637474 | 0 | 1.0
-0.04988136142492294 | 0 | 1.0
-0.07433757930994034 | 0 | 1.0
Total reward: 8.0
5.2, 5.2, 5.2, 5.2, 5.2, 5.2, 5.2, 5.2, 5.2, 5.2
parameter ends

state | action | reward
[0.04] | 0 | 1.0
0.03459922596812248 | 0 | 1.0
0.03027230128645897 | 0 | 1.0
0.022046327590942383 | 0 | 1.0
0.009919364005327225 | 0 | 1.0
-0.006111978553235531 | 0 | 1.0
-0.026052143424749374 | 0 | 1.0
-0.04990604147315025 | 0 | 1.0
-0.07767820358276367 | 0 | 1.0
-0.10937168449163437 | 0 | 1.0
Total reward: 10.0
5.2, 5.2, 5.2, 5.2, 5.2, 5.2, 5.2, 5.2, 5.2, 5.2
parameter ends

state | action | reward
[0.02] | 0 | 1.0
0.016916152089834213 | 0 | 1.0
0.013234254904091358 | 0 | 1.0
0.005637999624013901 | 0 | 1.0
-0.00587374297901988 | 0 | 1.0
-0.021303275600075722 | 0 | 1.0
-0.04065365716814995 | 0 | 1.0
-0.0639280304312706 | 0 | 1.0
Total reward: 8.0
5.2, 5.2, 5.2, 5.2, 5.2, 5.2, 5.2, 5.2, 5.2, 5.2
parameter ends

state | action | reward
[0.04] | 0 | 1.0
0.043543171137571335 | 0 | 1.0
0.04006597399711609 | 0 | 1.0
0.03267746791243553 | 0 | 1.0
0.021376442164182663 | 0 | 1.0
0.006160437595099211 | 0 | 1.0
-0.012973859906196594 | 0 | 1.0
-0.03602997958660126 | 0 | 1.0
-0.06301078200340271 | 0 | 1.0
Total reward: 9.0
5.2, 5.2, 5.2, 5.2, 5.2, 5.2, 5.2, 5.2, 5.2, 5.2
parameter ends

state | action | reward
[0.04] | 0 | 1.0
0.03546663373708725 | 0 | 1.0
0.030575791373848915 | 0 | 1.0
0.021790791302919388 | 0 | 1.0
0.009109998121857643 | 0 | 1.0
-0.007469817530363798 | 0 | 1.0
-0.02795315906405449 | 0 | 1.0
-0.05234529823064804 | 0 | 1.0
-0.08065153658390045 | 0 | 1.0
-0.11287624388933182 | 0 | 1.0
Total reward: 10.0
5.2, 5.2, 5.2, 5.2, 5.2, 5.2, 5.2, 5.2, 5.2, 5.2
parameter ends

state | action | reward
[0.04] | 0 | 1.0
0.04272669553756714 | 0 | 1.0
0.039684709161520004 | 0 | 1.0
0.032747820019721985 | 0 | 1.0
0.021914182230830193 | 0 | 1.0
0.007180403918027878 | 0 | 1.0
-0.011458111926913261 | 0 | 1.0
-0.03400662913918495 | 0 | 1.0
-0.06047031655907631 | 0 | 1.0
-0.09085321426391602 | 0 | 1.0
Total reward: 10.0
5.2, 5.2, 5.2, 5.2, 5.2, 5.2, 5.2, 5.2, 5.2, 5.2
parameter ends

state | action | reward
[0.02] | 0 | 1.0
0.020895348861813545 | 0 | 1.0
0.017064770683646202 | 0 | 1.0
0.009328917600214481 | 0 | 1.0
-0.0023139214608818293 | 0 | 1.0
-0.017866790294647217 | 0 | 1.0
-0.037333641201257706 | 0 | 1.0
-0.060718704015016556 | 0 | 1.0
-0.08802559971809387 | 0 | 1.0
Total reward: 9.0
5.2, 5.2, 5.2, 5.2, 5.2, 5.2, 5.2, 5.2, 5.2, 5.2
parameter ends

state | action | reward
[-0.04] | 0 | 1.0
-0.04366949945688248 | 0 | 1.0
-0.047045037150382996 | 0 | 1.0
-0.054317157715559006 | 0 | 1.0
-0.06548760831356049 | 0 | 1.0
-0.08055965602397919 | 0 | 1.0
-0.09953776746988297 | 0 | 1.0
-0.12242703139781952 | 0 | 1.0
-0.149232417345047 | 0 | 1.0
-0.17995773255825043 | 0 | 1.0
Total reward: 10.0
5.2, 5.2, 5.2, 5.2, 5.2, 5.2, 5.2, 5.2, 5.2, 5.2
parameter ends

state | action | reward
[-0.01] | 0 | 1.0
-0.006426255218684673 | 0 | 1.0
-0.009673245251178741 | 0 | 1.0
-0.01682291179895401 | 0 | 1.0
-0.027876878157258034 | 0 | 1.0
-0.04283818602561951 | 0 | 1.0
-0.0617109090089798 | 0 | 1.0
-0.0844995528459549 | 0 | 1.0
-0.1112082228064537 | 0 | 1.0
Total reward: 9.0
