5.3, 5.3, 5.3, 5.3, 5.3, 5.3, 5.3, 5.3, 5.3, 5.3
parameter ends

state | action | reward
[0.01] | 0 | 1.0
0.012472343631088734 | 0 | 1.0
0.008352365344762802 | 0 | 1.0
0.00033766409615054727 | 0 | 1.0
-0.011573373340070248 | 0 | 1.0
-0.027383951470255852 | 0 | 1.0
-0.04709853604435921 | 0 | 1.0
-0.07072234153747559 | 0 | 1.0
-0.09826061874628067 | 0 | 1.0
-0.1297176331281662 | 0 | 1.0
Total reward: 10.0
5.3, 5.3, 5.3, 5.3, 5.3, 5.3, 5.3, 5.3, 5.3, 5.3
parameter ends

state | action | reward
[0.01] | 0 | 1.0
0.00672171963378787 | 0 | 1.0
0.002148997038602829 | 0 | 1.0
-0.006321148946881294 | 0 | 1.0
-0.0186905637383461 | 0 | 1.0
-0.034962598234415054 | 0 | 1.0
-0.05514172837138176 | 0 | 1.0
-0.07923300564289093 | 0 | 1.0
-0.10724124312400818 | 0 | 1.0
-0.13916994631290436 | 0 | 1.0
Total reward: 10.0
5.3, 5.3, 5.3, 5.3, 5.3, 5.3, 5.3, 5.3, 5.3, 5.3
parameter ends

state | action | reward
[-0.02] | 0 | 1.0
-0.015879686921834946 | 0 | 1.0
-0.018832162022590637 | 0 | 1.0
-0.025688432157039642 | 0 | 1.0
-0.03645000979304314 | 0 | 1.0
-0.05111981928348541 | 0 | 1.0
-0.06970180571079254 | 0 | 1.0
-0.09220035374164581 | 0 | 1.0
-0.11861944943666458 | 0 | 1.0
Total reward: 9.0
5.3, 5.3, 5.3, 5.3, 5.3, 5.3, 5.3, 5.3, 5.3, 5.3
parameter ends

state | action | reward
[-0.] | 0 | 1.0
-0.002609210554510355 | 0 | 1.0
-0.0065516033209860325 | 0 | 1.0
-0.014408338814973831 | 0 | 1.0
-0.026180915534496307 | 0 | 1.0
-0.041871920228004456 | 0 | 1.0
-0.061484530568122864 | 0 | 1.0
-0.08502179384231567 | 0 | 1.0
Total reward: 8.0
5.3, 5.3, 5.3, 5.3, 5.3, 5.3, 5.3, 5.3, 5.3, 5.3
parameter ends

state | action | reward
[0.02] | 0 | 1.0
0.016151661053299904 | 0 | 1.0
0.012986690737307072 | 0 | 1.0
0.005929610226303339 | 0 | 1.0
-0.005021191667765379 | 0 | 1.0
-0.019868964329361916 | 0 | 1.0
-0.03861828148365021 | 0 | 1.0
-0.061274562031030655 | 0 | 1.0
-0.08784335106611252 | 0 | 1.0
-0.11832941323518753 | 0 | 1.0
Total reward: 10.0
5.3, 5.3, 5.3, 5.3, 5.3, 5.3, 5.3, 5.3, 5.3, 5.3
parameter ends

state | action | reward
[-0.01] | 0 | 1.0
-0.008019587956368923 | 0 | 1.0
-0.01223493367433548 | 0 | 1.0
-0.02036220207810402 | 0 | 1.0
-0.032402753829956055 | 0 | 1.0
-0.04835915565490723 | 0 | 1.0
-0.06823474168777466 | 0 | 1.0
-0.09203293919563293 | 0 | 1.0
-0.11975634843111038 | 0 | 1.0
Total reward: 9.0
5.3, 5.3, 5.3, 5.3, 5.3, 5.3, 5.3, 5.3, 5.3, 5.3
parameter ends

state | action | reward
[0.03] | 0 | 1.0
0.03125176951289177 | 0 | 1.0
0.027338558807969093 | 0 | 1.0
0.0195242241024971 | 0 | 1.0
0.0078069595620036125 | 0 | 1.0
-0.007816464640200138 | 0 | 1.0
-0.027350304648280144 | 0 | 1.0
-0.05079924315214157 | 0 | 1.0
-0.07816755026578903 | 0 | 1.0
Total reward: 9.0
5.3, 5.3, 5.3, 5.3, 5.3, 5.3, 5.3, 5.3, 5.3, 5.3
parameter ends

state | action | reward
[-0.] | 0 | 1.0
-0.0046514589339494705 | 0 | 1.0
-0.009505035355687141 | 0 | 1.0
-0.018259640783071518 | 0 | 1.0
-0.030917013064026833 | 0 | 1.0
-0.04748033359646797 | 0 | 1.0
-0.06795382499694824 | 0 | 1.0
-0.09234218299388885 | 0 | 1.0
-0.12064971029758453 | 0 | 1.0
Total reward: 9.0
5.3, 5.3, 5.3, 5.3, 5.3, 5.3, 5.3, 5.3, 5.3, 5.3
parameter ends

state | action | reward
[-0.04] | 0 | 1.0
-0.039708204567432404 | 0 | 1.0
-0.04376649484038353 | 0 | 1.0
-0.05173816531896591 | 0 | 1.0
-0.06362453103065491 | 0 | 1.0
-0.0794280618429184 | 0 | 1.0
-0.09915196895599365 | 0 | 1.0
-0.12279949337244034 | 0 | 1.0
Total reward: 8.0
5.3, 5.3, 5.3, 5.3, 5.3, 5.3, 5.3, 5.3, 5.3, 5.3
parameter ends

state | action | reward
[0.02] | 0 | 1.0
0.02227340079843998 | 0 | 1.0
0.018495718017220497 | 0 | 1.0
0.010811022482812405 | 0 | 1.0
-0.0007820295868441463 | 0 | 1.0
-0.01628613844513893 | 0 | 1.0
-0.035704970359802246 | 0 | 1.0
-0.0590425543487072 | 0 | 1.0
-0.08630242943763733 | 0 | 1.0
Total reward: 9.0
5.3, 5.3, 5.3, 5.3, 5.3, 5.3, 5.3, 5.3, 5.3, 5.3
parameter ends

state | action | reward
[0.05] | 0 | 1.0
0.04761962220072746 | 0 | 1.0
0.04384588822722435 | 0 | 1.0
0.0361817367374897 | 0 | 1.0
0.024625316262245178 | 0 | 1.0
0.009173141792416573 | 0 | 1.0
-0.010179591365158558 | 0 | 1.0
-0.03343849629163742 | 0 | 1.0
-0.060609299689531326 | 0 | 1.0
-0.09169686585664749 | 0 | 1.0
Total reward: 10.0
5.3, 5.3, 5.3, 5.3, 5.3, 5.3, 5.3, 5.3, 5.3, 5.3
parameter ends

state | action | reward
[-0.03] | 0 | 1.0
-0.029862498864531517 | 0 | 1.0
-0.034134842455387115 | 0 | 1.0
-0.04229702427983284 | 0 | 1.0
-0.05435102805495262 | 0 | 1.0
-0.07030046731233597 | 0 | 1.0
-0.09015025198459625 | 0 | 1.0
-0.11390609294176102 | 0 | 1.0
-0.1415737420320511 | 0 | 1.0
-0.17315810918807983 | 0 | 1.0
Total reward: 10.0
5.3, 5.3, 5.3, 5.3, 5.3, 5.3, 5.3, 5.3, 5.3, 5.3
parameter ends

state | action | reward
[0.01] | 0 | 1.0
0.01109720952808857 | 0 | 1.0
0.007238497957587242 | 0 | 1.0
-0.0005196241545490921 | 0 | 1.0
-0.012179052457213402 | 0 | 1.0
-0.027743129059672356 | 0 | 1.0
-0.0472162589430809 | 0 | 1.0
-0.07060330361127853 | 0 | 1.0
-0.09790876507759094 | 0 | 1.0
-0.12913566827774048 | 0 | 1.0
Total reward: 10.0
5.3, 5.3, 5.3, 5.3, 5.3, 5.3, 5.3, 5.3, 5.3, 5.3
parameter ends

state | action | reward
[-0.01] | 0 | 1.0
-0.00671397102996707 | 0 | 1.0
-0.009630929678678513 | 0 | 1.0
-0.016446318477392197 | 0 | 1.0
-0.02716192603111267 | 0 | 1.0
-0.04178103059530258 | 0 | 1.0
-0.060308024287223816 | 0 | 1.0
-0.08274785429239273 | 0 | 1.0
-0.10910521447658539 | 0 | 1.0
-0.1393834501504898 | 0 | 1.0
Total reward: 10.0
5.3, 5.3, 5.3, 5.3, 5.3, 5.3, 5.3, 5.3, 5.3, 5.3
parameter ends

state | action | reward
[-0.04] | 0 | 1.0
-0.04187878966331482 | 0 | 1.0
-0.045555178076028824 | 0 | 1.0
-0.053119659423828125 | 0 | 1.0
-0.06457391381263733 | 0 | 1.0
-0.07992132008075714 | 0 | 1.0
-0.09916665405035019 | 0 | 1.0
-0.12231563776731491 | 0 | 1.0
-0.14937426149845123 | 0 | 1.0
-0.18034788966178894 | 0 | 1.0
-0.21524006128311157 | 0 | 1.0
Total reward: 11.0
5.3, 5.3, 5.3, 5.3, 5.3, 5.3, 5.3, 5.3, 5.3, 5.3
parameter ends

state | action | reward
[-0.03] | 0 | 1.0
-0.02599346823990345 | 0 | 1.0
-0.030227968469262123 | 0 | 1.0
-0.03837393596768379 | 0 | 1.0
-0.05043290928006172 | 0 | 1.0
-0.06640762090682983 | 0 | 1.0
-0.08630149811506271 | 0 | 1.0
-0.11011801660060883 | 0 | 1.0
Total reward: 8.0
5.3, 5.3, 5.3, 5.3, 5.3, 5.3, 5.3, 5.3, 5.3, 5.3
parameter ends

state | action | reward
[-0.03] | 0 | 1.0
-0.029845034703612328 | 0 | 1.0
-0.034186094999313354 | 0 | 1.0
-0.042433932423591614 | 0 | 1.0
-0.05459019914269447 | 0 | 1.0
-0.07065784186124802 | 0 | 1.0
-0.09064068645238876 | 0 | 1.0
-0.11454279720783234 | 0 | 1.0
-0.14236754179000854 | 0 | 1.0
Total reward: 9.0
5.3, 5.3, 5.3, 5.3, 5.3, 5.3, 5.3, 5.3, 5.3, 5.3
parameter ends

state | action | reward
[0.04] | 0 | 1.0
0.038845911622047424 | 0 | 1.0
0.03449144959449768 | 0 | 1.0
0.026230843737721443 | 0 | 1.0
0.014062471687793732 | 0 | 1.0
-0.002016616752371192 | 0 | 1.0
-0.022010277956724167 | 0 | 1.0
-0.04592264071106911 | 0 | 1.0
-0.07375722378492355 | 0 | 1.0
Total reward: 9.0
5.3, 5.3, 5.3, 5.3, 5.3, 5.3, 5.3, 5.3, 5.3, 5.3
parameter ends

state | action | reward
[-0.02] | 0 | 1.0
-0.01775084063410759 | 0 | 1.0
-0.022331571206450462 | 0 | 1.0
-0.030802644789218903 | 0 | 1.0
-0.04316604137420654 | 0 | 1.0
-0.059425365179777145 | 0 | 1.0
-0.0795854926109314 | 0 | 1.0
-0.10365209728479385 | 0 | 1.0
-0.13163088262081146 | 0 | 1.0
-0.16352663934230804 | 0 | 1.0
Total reward: 10.0
5.3, 5.3, 5.3, 5.3, 5.3, 5.3, 5.3, 5.3, 5.3, 5.3
parameter ends

state | action | reward
[0.03] | 0 | 1.0
0.032282862812280655 | 0 | 1.0
0.028494253754615784 | 0 | 1.0
0.020803285762667656 | 0 | 1.0
0.009208349511027336 | 0 | 1.0
-0.00629358971491456 | 0 | 1.0
-0.025706613436341286 | 0 | 1.0
-0.04903526231646538 | 0 | 1.0
-0.07628370076417923 | 0 | 1.0
Total reward: 9.0
