5.5, 5.5, 5.5, 5.5, 5.5, 5.5, 5.5, 5.5, 5.5, 5.5
parameter ends

state | action | reward
[0.] | 0 | 1.0
0.004135336726903915 | 0 | 1.0
-0.000612844480201602 | 0 | 1.0
-0.009273194707930088 | 0 | 1.0
-0.021847132593393326 | 0 | 1.0
-0.038337260484695435 | 0 | 1.0
-0.05874691531062126 | 0 | 1.0
-0.08307948708534241 | 0 | 1.0
Total reward: 8.0
5.5, 5.5, 5.5, 5.5, 5.5, 5.5, 5.5, 5.5, 5.5, 5.5
parameter ends

state | action | reward
[-0.02] | 0 | 1.0
-0.018889503553509712 | 0 | 1.0
-0.02312687411904335 | 0 | 1.0
-0.03126472234725952 | 0 | 1.0
-0.04330456629395485 | 0 | 1.0
-0.05924941226840019 | 0 | 1.0
-0.07910339534282684 | 0 | 1.0
-0.10287121683359146 | 0 | 1.0
-0.1305573731660843 | 0 | 1.0
-0.1621650904417038 | 0 | 1.0
Total reward: 10.0
5.5, 5.5, 5.5, 5.5, 5.5, 5.5, 5.5, 5.5, 5.5, 5.5
parameter ends

state | action | reward
[-0.01] | 0 | 1.0
-0.00787744577974081 | 0 | 1.0
-0.011387771926820278 | 0 | 1.0
-0.018813733011484146 | 0 | 1.0
-0.03015672042965889 | 0 | 1.0
-0.04541918635368347 | 0 | 1.0
-0.06460417062044144 | 0 | 1.0
-0.0877145379781723 | 0 | 1.0
Total reward: 8.0
5.5, 5.5, 5.5, 5.5, 5.5, 5.5, 5.5, 5.5, 5.5, 5.5
parameter ends

state | action | reward
[0.02] | 0 | 1.0
0.020929642021656036 | 0 | 1.0
0.017979472875595093 | 0 | 1.0
0.011119739152491093 | 0 | 1.0
0.0003490271046757698 | 0 | 1.0
-0.014335345476865768 | 0 | 1.0
-0.032936908304691315 | 0 | 1.0
-0.055459391325712204 | 0 | 1.0
-0.08190581202507019 | 0 | 1.0
Total reward: 9.0
5.5, 5.5, 5.5, 5.5, 5.5, 5.5, 5.5, 5.5, 5.5, 5.5
parameter ends

state | action | reward
[0.] | 0 | 1.0
0.0023334836587309837 | 0 | 1.0
-0.0006867984775453806 | 0 | 1.0
-0.007614755071699619 | 0 | 1.0
-0.01845199055969715 | 0 | 1.0
-0.033201392740011215 | 0 | 1.0
-0.05186670646071434 | 0 | 1.0
-0.07445187866687775 | 0 | 1.0
-0.1009601578116417 | 0 | 1.0
Total reward: 9.0
5.5, 5.5, 5.5, 5.5, 5.5, 5.5, 5.5, 5.5, 5.5, 5.5
parameter ends

state | action | reward
[-0.05] | 0 | 1.0
-0.04838764667510986 | 0 | 1.0
-0.05197808891534805 | 0 | 1.0
-0.05946311727166176 | 0 | 1.0
-0.07084468752145767 | 0 | 1.0
-0.08612629026174545 | 0 | 1.0
-0.10531260073184967 | 0 | 1.0
-0.12840895354747772 | 0 | 1.0
-0.15542051196098328 | 0 | 1.0
-0.18635128438472748 | 0 | 1.0
Total reward: 10.0
5.5, 5.5, 5.5, 5.5, 5.5, 5.5, 5.5, 5.5, 5.5, 5.5
parameter ends

state | action | reward
[-0.02] | 0 | 1.0
-0.020289788022637367 | 0 | 1.0
-0.023695416748523712 | 0 | 1.0
-0.030989794060587883 | 0 | 1.0
-0.042174674570560455 | 0 | 1.0
-0.05725349113345146 | 0 | 1.0
-0.07623103260993958 | 0 | 1.0
-0.09911300241947174 | 0 | 1.0
-0.12590532004833221 | 0 | 1.0
-0.15661321580410004 | 0 | 1.0
-0.19123996794223785 | 0 | 1.0
Total reward: 11.0
5.5, 5.5, 5.5, 5.5, 5.5, 5.5, 5.5, 5.5, 5.5, 5.5
parameter ends

state | action | reward
[0.04] | 0 | 1.0
0.03719060868024826 | 0 | 1.0
0.03238057717680931 | 0 | 1.0
0.0236820038408041 | 0 | 1.0
0.011092901229858398 | 0 | 1.0
-0.005390368402004242 | 0 | 1.0
-0.025772767141461372 | 0 | 1.0
-0.05006009340286255 | 0 | 1.0
-0.07825826853513718 | 0 | 1.0
-0.1103723868727684 | 0 | 1.0
Total reward: 10.0
5.5, 5.5, 5.5, 5.5, 5.5, 5.5, 5.5, 5.5, 5.5, 5.5
parameter ends

state | action | reward
[-0.04] | 0 | 1.0
-0.04050653427839279 | 0 | 1.0
-0.04526533931493759 | 0 | 1.0
-0.05393766239285469 | 0 | 1.0
-0.06652486324310303 | 0 | 1.0
-0.08302944153547287 | 0 | 1.0
-0.1034545972943306 | 0 | 1.0
-0.12780353426933289 | 0 | 1.0
Total reward: 8.0
5.5, 5.5, 5.5, 5.5, 5.5, 5.5, 5.5, 5.5, 5.5, 5.5
parameter ends

state | action | reward
[0.03] | 0 | 1.0
0.02480664663016796 | 0 | 1.0
0.020158259198069572 | 0 | 1.0
0.011620852164924145 | 0 | 1.0
-0.0008071898482739925 | 0 | 1.0
-0.01712917350232601 | 0 | 1.0
-0.03734979405999184 | 0 | 1.0
-0.06147468090057373 | 0 | 1.0
-0.08950973302125931 | 0 | 1.0
-0.1214602068066597 | 0 | 1.0
-0.1573295295238495 | 0 | 1.0
Total reward: 11.0
5.5, 5.5, 5.5, 5.5, 5.5, 5.5, 5.5, 5.5, 5.5, 5.5
parameter ends

state | action | reward
[0.05] | 0 | 1.0
0.04539726302027702 | 0 | 1.0
0.04143347591161728 | 0 | 1.0
0.033578965812921524 | 0 | 1.0
0.0218319371342659 | 0 | 1.0
0.006188960280269384 | 0 | 1.0
-0.013354710303246975 | 0 | 1.0
-0.036804646253585815 | 0 | 1.0
-0.06416654586791992 | 0 | 1.0
-0.09544527530670166 | 0 | 1.0
Total reward: 10.0
5.5, 5.5, 5.5, 5.5, 5.5, 5.5, 5.5, 5.5, 5.5, 5.5
parameter ends

state | action | reward
[-0.05] | 0 | 1.0
-0.047671712934970856 | 0 | 1.0
-0.05199345573782921 | 0 | 1.0
-0.06020379811525345 | 0 | 1.0
-0.07230433821678162 | 0 | 1.0
-0.08829836547374725 | 0 | 1.0
-0.10819058120250702 | 0 | 1.0
-0.13198663294315338 | 0 | 1.0
-0.15969246625900269 | 0 | 1.0
-0.19131343066692352 | 0 | 1.0
-0.22685304284095764 | 0 | 1.0
Total reward: 11.0
5.5, 5.5, 5.5, 5.5, 5.5, 5.5, 5.5, 5.5, 5.5, 5.5
parameter ends

state | action | reward
[-0.01] | 0 | 1.0
-0.009899084456264973 | 0 | 1.0
-0.014691556803882122 | 0 | 1.0
-0.023373913019895554 | 0 | 1.0
-0.03594809025526047 | 0 | 1.0
-0.05241766944527626 | 0 | 1.0
-0.07278752326965332 | 0 | 1.0
-0.0970633402466774 | 0 | 1.0
-0.1252508908510208 | 0 | 1.0
-0.15735507011413574 | 0 | 1.0
Total reward: 10.0
5.5, 5.5, 5.5, 5.5, 5.5, 5.5, 5.5, 5.5, 5.5, 5.5
parameter ends

state | action | reward
[-0.04] | 0 | 1.0
-0.035680048167705536 | 0 | 1.0
-0.038656190037727356 | 0 | 1.0
-0.04552718251943588 | 0 | 1.0
-0.05629480630159378 | 0 | 1.0
-0.07096240669488907 | 0 | 1.0
-0.08953453600406647 | 0 | 1.0
-0.1120164692401886 | 0 | 1.0
-0.13841336965560913 | 0 | 1.0
-0.16872937977313995 | 0 | 1.0
Total reward: 10.0
5.5, 5.5, 5.5, 5.5, 5.5, 5.5, 5.5, 5.5, 5.5, 5.5
parameter ends

state | action | reward
[0.02] | 0 | 1.0
0.021319100633263588 | 0 | 1.0
0.017250405624508858 | 0 | 1.0
0.009272955358028412 | 0 | 1.0
-0.002614713739603758 | 0 | 1.0
-0.01841534860432148 | 0 | 1.0
-0.03813255950808525 | 0 | 1.0
-0.06177017092704773 | 0 | 1.0
-0.08933132141828537 | 0 | 1.0
Total reward: 9.0
5.5, 5.5, 5.5, 5.5, 5.5, 5.5, 5.5, 5.5, 5.5, 5.5
parameter ends

state | action | reward
[-0.02] | 0 | 1.0
-0.020679067820310593 | 0 | 1.0
-0.02486378699541092 | 0 | 1.0
-0.032942771911621094 | 0 | 1.0
-0.044917624443769455 | 0 | 1.0
-0.06079154089093208 | 0 | 1.0
-0.08056899160146713 | 0 | 1.0
-0.10425523668527603 | 0 | 1.0
-0.1318555623292923 | 0 | 1.0
-0.16337436437606812 | 0 | 1.0
Total reward: 10.0
5.5, 5.5, 5.5, 5.5, 5.5, 5.5, 5.5, 5.5, 5.5, 5.5
parameter ends

state | action | reward
[-0.04] | 0 | 1.0
-0.04341202974319458 | 0 | 1.0
-0.04677821695804596 | 0 | 1.0
-0.054044000804424286 | 0 | 1.0
-0.0652109831571579 | 0 | 1.0
-0.08028227090835571 | 0 | 1.0
-0.09926208853721619 | 0 | 1.0
-0.12215524911880493 | 0 | 1.0
-0.14896632730960846 | 0 | 1.0
-0.1796986311674118 | 0 | 1.0
Total reward: 10.0
5.5, 5.5, 5.5, 5.5, 5.5, 5.5, 5.5, 5.5, 5.5, 5.5
parameter ends

state | action | reward
[-0.02] | 0 | 1.0
-0.0172278992831707 | 0 | 1.0
-0.02107265777885914 | 0 | 1.0
-0.028822775930166245 | 0 | 1.0
-0.040479980409145355 | 0 | 1.0
-0.05604732409119606 | 0 | 1.0
-0.07552877068519592 | 0 | 1.0
-0.0989285260438919 | 0 | 1.0
-0.12625019252300262 | 0 | 1.0
Total reward: 9.0
5.5, 5.5, 5.5, 5.5, 5.5, 5.5, 5.5, 5.5, 5.5, 5.5
parameter ends

state | action | reward
[0.01] | 0 | 1.0
0.011518954299390316 | 0 | 1.0
0.008007953874766827 | 0 | 1.0
0.0005827189306728542 | 0 | 1.0
-0.010757905431091785 | 0 | 1.0
-0.026016248390078545 | 0 | 1.0
-0.045195385813713074 | 0 | 1.0
-0.06829847395420074 | 0 | 1.0
Total reward: 8.0
5.5, 5.5, 5.5, 5.5, 5.5, 5.5, 5.5, 5.5, 5.5, 5.5
parameter ends

state | action | reward
[-0.02] | 0 | 1.0
-0.021528862416744232 | 0 | 1.0
-0.02452206052839756 | 0 | 1.0
-0.031425897032022476 | 0 | 1.0
-0.042241718620061874 | 0 | 1.0
-0.056972112506628036 | 0 | 1.0
-0.07562050223350525 | 0 | 1.0
-0.09819049388170242 | 0 | 1.0
-0.12468495965003967 | 0 | 1.0
Total reward: 9.0
