5.1, 5.1, 5.1, 5.1, 5.1, 5.1, 5.1, 5.1, 5.1, 5.1
parameter ends

state | action | reward
[0.03] | 0 | 1.0
0.033400967717170715 | 0 | 1.0
0.030135879293084145 | 0 | 1.0
0.022980108857154846 | 0 | 1.0
0.011931782588362694 | 0 | 1.0
-0.003012601286172867 | 0 | 1.0
-0.021857846528291702 | 0 | 1.0
-0.04460955411195755 | 0 | 1.0
-0.07127341628074646 | 0 | 1.0
-0.10185424238443375 | 0 | 1.0
Total reward: 10.0
5.1, 5.1, 5.1, 5.1, 5.1, 5.1, 5.1, 5.1, 5.1, 5.1
parameter ends

state | action | reward
[-0.] | 0 | 1.0
-0.004051682073622942 | 0 | 1.0
-0.007297917734831572 | 0 | 1.0
-0.014456505887210369 | 0 | 1.0
-0.02552899718284607 | 0 | 1.0
-0.040518082678318024 | 0 | 1.0
-0.059427130967378616 | 0 | 1.0
-0.08225947618484497 | 0 | 1.0
Total reward: 8.0
5.1, 5.1, 5.1, 5.1, 5.1, 5.1, 5.1, 5.1, 5.1, 5.1
parameter ends

state | action | reward
[-0.01] | 0 | 1.0
-0.011339489370584488 | 0 | 1.0
-0.015203763730823994 | 0 | 1.0
-0.02295680157840252 | 0 | 1.0
-0.034600526094436646 | 0 | 1.0
-0.050138507038354874 | 0 | 1.0
-0.06957565248012543 | 0 | 1.0
-0.09291772544384003 | 0 | 1.0
-0.12017063051462173 | 0 | 1.0
-0.15133947134017944 | 0 | 1.0
Total reward: 10.0
5.1, 5.1, 5.1, 5.1, 5.1, 5.1, 5.1, 5.1, 5.1, 5.1
parameter ends

state | action | reward
[0.] | 0 | 1.0
0.0047508347779512405 | 0 | 1.0
0.0013847809750586748 | 0 | 1.0
-0.005890322849154472 | 0 | 1.0
-0.0170760340988636 | 0 | 1.0
-0.03217516839504242 | 0 | 1.0
-0.05119134485721588 | 0 | 1.0
-0.07412835210561752 | 0 | 1.0
-0.1009891927242279 | 0 | 1.0
Total reward: 9.0
5.1, 5.1, 5.1, 5.1, 5.1, 5.1, 5.1, 5.1, 5.1, 5.1
parameter ends

state | action | reward
[0.03] | 0 | 1.0
0.027693862095475197 | 0 | 1.0
0.02292853593826294 | 0 | 1.0
0.014263150282204151 | 0 | 1.0
0.0016959939384832978 | 0 | 1.0
-0.014776110649108887 | 0 | 1.0
-0.03515743091702461 | 0 | 1.0
-0.059452738612890244 | 0 | 1.0
-0.08766651898622513 | 0 | 1.0
-0.11980185657739639 | 0 | 1.0
Total reward: 10.0
5.1, 5.1, 5.1, 5.1, 5.1, 5.1, 5.1, 5.1, 5.1, 5.1
parameter ends

state | action | reward
[-0.03] | 0 | 1.0
-0.0322239063680172 | 0 | 1.0
-0.03710604086518288 | 0 | 1.0
-0.04588635638356209 | 0 | 1.0
-0.058566536754369736 | 0 | 1.0
-0.0751497820019722 | 0 | 1.0
-0.09564044326543808 | 0 | 1.0
-0.12004346400499344 | 0 | 1.0
-0.1483636051416397 | 0 | 1.0
-0.18060439825057983 | 0 | 1.0
Total reward: 10.0
5.1, 5.1, 5.1, 5.1, 5.1, 5.1, 5.1, 5.1, 5.1, 5.1
parameter ends

state | action | reward
[0.04] | 0 | 1.0
0.03797823563218117 | 0 | 1.0
0.034123919904232025 | 0 | 1.0
0.026365796104073524 | 0 | 1.0
0.01470243651419878 | 0 | 1.0
-0.0008690143004059792 | 0 | 1.0
-0.020352456718683243 | 0 | 1.0
-0.043752264231443405 | 0 | 1.0
-0.07107246667146683 | 0 | 1.0
Total reward: 9.0
5.1, 5.1, 5.1, 5.1, 5.1, 5.1, 5.1, 5.1, 5.1, 5.1
parameter ends

state | action | reward
[0.02] | 0 | 1.0
0.021704811602830887 | 0 | 1.0
0.018714485689997673 | 0 | 1.0
0.011824816465377808 | 0 | 1.0
0.0010339856380596757 | 0 | 1.0
-0.01366128958761692 | 0 | 1.0
-0.032265372574329376 | 0 | 1.0
-0.05478312447667122 | 0 | 1.0
-0.08121909201145172 | 0 | 1.0
-0.1115763932466507 | 0 | 1.0
Total reward: 10.0
5.1, 5.1, 5.1, 5.1, 5.1, 5.1, 5.1, 5.1, 5.1, 5.1
parameter ends

state | action | reward
[-0.] | 0 | 1.0
-0.0003360093687660992 | 0 | 1.0
-0.003901491407305002 | 0 | 1.0
-0.011373825371265411 | 0 | 1.0
-0.022754600271582603 | 0 | 1.0
-0.03804671764373779 | 0 | 1.0
-0.057253967970609665 | 0 | 1.0
-0.0803804025053978 | 0 | 1.0
-0.10742942988872528 | 0 | 1.0
Total reward: 9.0
5.1, 5.1, 5.1, 5.1, 5.1, 5.1, 5.1, 5.1, 5.1, 5.1
parameter ends

state | action | reward
[0.01] | 0 | 1.0
0.012786712497472763 | 0 | 1.0
0.008528811857104301 | 0 | 1.0
0.0003654708852991462 | 0 | 1.0
-0.011704988777637482 | 0 | 1.0
-0.027685578912496567 | 0 | 1.0
-0.047580230981111526 | 0 | 1.0
-0.07139315456151962 | 0 | 1.0
-0.09912795573472977 | 0 | 1.0
Total reward: 9.0
5.1, 5.1, 5.1, 5.1, 5.1, 5.1, 5.1, 5.1, 5.1, 5.1
parameter ends

state | action | reward
[0.] | 0 | 1.0
0.00448210583999753 | 0 | 1.0
0.00020435426267795265 | 0 | 1.0
-0.007986827753484249 | 0 | 1.0
-0.020092841237783432 | 0 | 1.0
-0.03611622750759125 | 0 | 1.0
-0.05606021732091904 | 0 | 1.0
-0.07992802560329437 | 0 | 1.0
Total reward: 8.0
5.1, 5.1, 5.1, 5.1, 5.1, 5.1, 5.1, 5.1, 5.1, 5.1
parameter ends

state | action | reward
[-0.03] | 0 | 1.0
-0.03218407928943634 | 0 | 1.0
-0.035858482122421265 | 0 | 1.0
-0.04343554377555847 | 0 | 1.0
-0.05491665005683899 | 0 | 1.0
-0.07030464708805084 | 0 | 1.0
-0.0896034687757492 | 0 | 1.0
-0.11281761527061462 | 0 | 1.0
-0.13995128870010376 | 0 | 1.0
-0.17100737988948822 | 0 | 1.0
Total reward: 10.0
5.1, 5.1, 5.1, 5.1, 5.1, 5.1, 5.1, 5.1, 5.1, 5.1
parameter ends

state | action | reward
[0.01] | 0 | 1.0
0.012445221655070782 | 0 | 1.0
0.008771446533501148 | 0 | 1.0
0.0011950473999604583 | 0 | 1.0
-0.010285524651408195 | 0 | 1.0
-0.02567324787378311 | 0 | 1.0
-0.04497215896844864 | 0 | 1.0
-0.06818675994873047 | 0 | 1.0
-0.09532120823860168 | 0 | 1.0
Total reward: 9.0
5.1, 5.1, 5.1, 5.1, 5.1, 5.1, 5.1, 5.1, 5.1, 5.1
parameter ends

state | action | reward
[0.04] | 0 | 1.0
0.03586380183696747 | 0 | 1.0
0.032379381358623505 | 0 | 1.0
0.024988623335957527 | 0 | 1.0
0.01369016245007515 | 0 | 1.0
-0.0015187340322881937 | 0 | 1.0
-0.020641786977648735 | 0 | 1.0
-0.04368310049176216 | 0 | 1.0
-0.07064631581306458 | 0 | 1.0
Total reward: 9.0
5.1, 5.1, 5.1, 5.1, 5.1, 5.1, 5.1, 5.1, 5.1, 5.1
parameter ends

state | action | reward
[0.03] | 0 | 1.0
0.03279823437333107 | 0 | 1.0
0.02814139425754547 | 0 | 1.0
0.01957014761865139 | 0 | 1.0
0.007083302363753319 | 0 | 1.0
-0.009321492165327072 | 0 | 1.0
-0.029647311195731163 | 0 | 1.0
-0.05389728024601936 | 0 | 1.0
Total reward: 8.0
5.1, 5.1, 5.1, 5.1, 5.1, 5.1, 5.1, 5.1, 5.1, 5.1
parameter ends

state | action | reward
[0.05] | 0 | 1.0
0.04859626293182373 | 0 | 1.0
0.04515141248703003 | 0 | 1.0
0.03780156001448631 | 0 | 1.0
0.02654520981013775 | 0 | 1.0
0.011379482224583626 | 0 | 1.0
-0.007699488662183285 | 0 | 1.0
-0.0306959580630064 | 0 | 1.0
-0.05761372298002243 | 0 | 1.0
Total reward: 9.0
5.1, 5.1, 5.1, 5.1, 5.1, 5.1, 5.1, 5.1, 5.1, 5.1
parameter ends

state | action | reward
[0.01] | 0 | 1.0
0.008433732204139233 | 0 | 1.0
0.004152445122599602 | 0 | 1.0
-0.004022784531116486 | 0 | 1.0
-0.016094041988253593 | 0 | 1.0
-0.03206494823098183 | 0 | 1.0
-0.05194029584527016 | 0 | 1.0
-0.0757254809141159 | 0 | 1.0
-0.10342574119567871 | 0 | 1.0
-0.13504508137702942 | 0 | 1.0
Total reward: 10.0
5.1, 5.1, 5.1, 5.1, 5.1, 5.1, 5.1, 5.1, 5.1, 5.1
parameter ends

state | action | reward
[-0.01] | 0 | 1.0
-0.005219705868512392 | 0 | 1.0
-0.009135281667113304 | 0 | 1.0
-0.016945458948612213 | 0 | 1.0
-0.028651976957917213 | 0 | 1.0
-0.044258151203393936 | 0 | 1.0
-0.06376852840185165 | 0 | 1.0
-0.08718837797641754 | 0 | 1.0
-0.11452293395996094 | 0 | 1.0
-0.14577637612819672 | 0 | 1.0
Total reward: 10.0
5.1, 5.1, 5.1, 5.1, 5.1, 5.1, 5.1, 5.1, 5.1, 5.1
parameter ends

state | action | reward
[-0.05] | 0 | 1.0
-0.04580102115869522 | 0 | 1.0
-0.049154870212078094 | 0 | 1.0
-0.056410159915685654 | 0 | 1.0
-0.06756848841905594 | 0 | 1.0
-0.08263289928436279 | 0 | 1.0
-0.10160753130912781 | 0 | 1.0
-0.12449700385332108 | 0 | 1.0
-0.1513056457042694 | 0 | 1.0
-0.18203634023666382 | 0 | 1.0
Total reward: 10.0
5.1, 5.1, 5.1, 5.1, 5.1, 5.1, 5.1, 5.1, 5.1, 5.1
parameter ends

state | action | reward
[-0.01] | 0 | 1.0
-0.011143512092530727 | 0 | 1.0
-0.015816746279597282 | 0 | 1.0
-0.024405639618635178 | 0 | 1.0
-0.03691164776682854 | 0 | 1.0
-0.05333727225661278 | 0 | 1.0
-0.07368555665016174 | 0 | 1.0
-0.09795935451984406 | 0 | 1.0
Total reward: 8.0
