5.3, 5.3, 5.3, 5.3, 5.3, 5.3, 5.3, 5.3, 5.3, 5.3
parameter ends

state | action | reward
[-0.] | 0 | 1.0
-0.005685062147676945 | 0 | 1.0
-0.01041668001562357 | 0 | 1.0
-0.01904413290321827 | 0 | 1.0
-0.03156939521431923 | 0 | 1.0
-0.047995951026678085 | 0 | 1.0
-0.06832843273878098 | 0 | 1.0
-0.09257204830646515 | 0 | 1.0
-0.12073181569576263 | 0 | 1.0
-0.1528114378452301 | 0 | 1.0
Total reward: 10.0
5.3, 5.3, 5.3, 5.3, 5.3, 5.3, 5.3, 5.3, 5.3, 5.3
parameter ends

state | action | reward
[0.] | 0 | 1.0
0.0052277445793151855 | 0 | 1.0
0.0019675318617373705 | 0 | 1.0
-0.00518373167142272 | 0 | 1.0
-0.016227740794420242 | 0 | 1.0
-0.031167836859822273 | 0 | 1.0
-0.05000868812203407 | 0 | 1.0
-0.07275582104921341 | 0 | 1.0
-0.0994148924946785 | 0 | 1.0
-0.12999078631401062 | 0 | 1.0
Total reward: 10.0
5.3, 5.3, 5.3, 5.3, 5.3, 5.3, 5.3, 5.3, 5.3, 5.3
parameter ends

state | action | reward
[0.03] | 0 | 1.0
0.028430970385670662 | 0 | 1.0
0.024727769196033478 | 0 | 1.0
0.01713041216135025 | 0 | 1.0
0.005637094844132662 | 0 | 1.0
-0.00975556205958128 | 0 | 1.0
-0.029052168130874634 | 0 | 1.0
-0.05225804075598717 | 0 | 1.0
-0.07937845587730408 | 0 | 1.0
-0.11041762679815292 | 0 | 1.0
Total reward: 10.0
5.3, 5.3, 5.3, 5.3, 5.3, 5.3, 5.3, 5.3, 5.3, 5.3
parameter ends

state | action | reward
[0.01] | 0 | 1.0
0.006441208533942699 | 0 | 1.0
0.0028175157494843006 | 0 | 1.0
-0.004717884119600058 | 0 | 1.0
-0.016166213899850845 | 0 | 1.0
-0.03152994066476822 | 0 | 1.0
-0.05081235617399216 | 0 | 1.0
-0.07401693612337112 | 0 | 1.0
-0.10114645212888718 | 0 | 1.0
Total reward: 9.0
5.3, 5.3, 5.3, 5.3, 5.3, 5.3, 5.3, 5.3, 5.3, 5.3
parameter ends

state | action | reward
[-0.] | 0 | 1.0
-0.0036215507425367832 | 0 | 1.0
-0.0066285147331655025 | 0 | 1.0
-0.013540145009756088 | 0 | 1.0
-0.024357814341783524 | 0 | 1.0
-0.039084311574697495 | 0 | 1.0
-0.05772345885634422 | 0 | 1.0
-0.08027953654527664 | 0 | 1.0
-0.10675645619630814 | 0 | 1.0
Total reward: 9.0
5.3, 5.3, 5.3, 5.3, 5.3, 5.3, 5.3, 5.3, 5.3, 5.3
parameter ends

state | action | reward
[0.04] | 0 | 1.0
0.04008610546588898 | 0 | 1.0
0.0355057492852211 | 0 | 1.0
0.027035625651478767 | 0 | 1.0
0.01467405166476965 | 0 | 1.0
-0.0015823236899450421 | 0 | 1.0
-0.021738212555646896 | 0 | 1.0
-0.04579921439290047 | 0 | 1.0
-0.0737711489200592 | 0 | 1.0
-0.1056591048836708 | 0 | 1.0
Total reward: 10.0
5.3, 5.3, 5.3, 5.3, 5.3, 5.3, 5.3, 5.3, 5.3, 5.3
parameter ends

state | action | reward
[0.03] | 0 | 1.0
0.02739136666059494 | 0 | 1.0
0.0243556946516037 | 0 | 1.0
0.017409201711416245 | 0 | 1.0
0.0065505122765898705 | 0 | 1.0
-0.008222981356084347 | 0 | 1.0
-0.026914700865745544 | 0 | 1.0
-0.049528222531080246 | 0 | 1.0
-0.07606635242700577 | 0 | 1.0
Total reward: 9.0
5.3, 5.3, 5.3, 5.3, 5.3, 5.3, 5.3, 5.3, 5.3, 5.3
parameter ends

state | action | reward
[-0.04] | 0 | 1.0
-0.044134531170129776 | 0 | 1.0
-0.04745115712285042 | 0 | 1.0
-0.05466453358530998 | 0 | 1.0
-0.06577663868665695 | 0 | 1.0
-0.08079095929861069 | 0 | 1.0
-0.0997120663523674 | 0 | 1.0
-0.12254510819911957 | 0 | 1.0
-0.14929494261741638 | 0 | 1.0
-0.1799650937318802 | 0 | 1.0
Total reward: 10.0
5.3, 5.3, 5.3, 5.3, 5.3, 5.3, 5.3, 5.3, 5.3, 5.3
parameter ends

state | action | reward
[0.02] | 0 | 1.0
0.01883506029844284 | 0 | 1.0
0.014969260431826115 | 0 | 1.0
0.007190658710896969 | 0 | 1.0
-0.004502058029174805 | 0 | 1.0
-0.020111389458179474 | 0 | 1.0
-0.03964058309793472 | 0 | 1.0
-0.06309296190738678 | 0 | 1.0
Total reward: 8.0
5.3, 5.3, 5.3, 5.3, 5.3, 5.3, 5.3, 5.3, 5.3, 5.3
parameter ends

state | action | reward
[0.] | 0 | 1.0
0.003342309268191457 | 0 | 1.0
0.00015252470620907843 | 0 | 1.0
-0.006925823632627726 | 0 | 1.0
-0.017894553020596504 | 0 | 1.0
-0.03275715187191963 | 0 | 1.0
-0.05151846632361412 | 0 | 1.0
-0.07418423146009445 | 0 | 1.0
-0.10076038539409637 | 0 | 1.0
-0.13125213980674744 | 0 | 1.0
-0.1656627357006073 | 0 | 1.0
Total reward: 11.0
5.3, 5.3, 5.3, 5.3, 5.3, 5.3, 5.3, 5.3, 5.3, 5.3
parameter ends

state | action | reward
[-0.03] | 0 | 1.0
-0.031847573816776276 | 0 | 1.0
-0.0364920012652874 | 0 | 1.0
-0.04503817483782768 | 0 | 1.0
-0.05748778209090233 | 0 | 1.0
-0.07384393364191055 | 0 | 1.0
-0.09411077201366425 | 0 | 1.0
-0.1182929202914238 | 0 | 1.0
-0.14639459550380707 | 0 | 1.0
Total reward: 9.0
5.3, 5.3, 5.3, 5.3, 5.3, 5.3, 5.3, 5.3, 5.3, 5.3
parameter ends

state | action | reward
[0.01] | 0 | 1.0
0.010941877029836178 | 0 | 1.0
0.00629850197583437 | 0 | 1.0
-0.0022488252725452185 | 0 | 1.0
-0.01470162346959114 | 0 | 1.0
-0.031062815338373184 | 0 | 1.0
-0.051336340606212616 | 0 | 1.0
-0.07552656531333923 | 0 | 1.0
-0.1036374568939209 | 0 | 1.0
Total reward: 9.0
5.3, 5.3, 5.3, 5.3, 5.3, 5.3, 5.3, 5.3, 5.3, 5.3
parameter ends

state | action | reward
[0.] | 0 | 1.0
0.0010155377676710486 | 0 | 1.0
-0.0038379395846277475 | 0 | 1.0
-0.012605489231646061 | 0 | 1.0
-0.02528843842446804 | 0 | 1.0
-0.0418892577290535 | 0 | 1.0
-0.062411095947027206 | 0 | 1.0
-0.08685708791017532 | 0 | 1.0
Total reward: 8.0
5.3, 5.3, 5.3, 5.3, 5.3, 5.3, 5.3, 5.3, 5.3, 5.3
parameter ends

state | action | reward
[0.04] | 0 | 1.0
0.04162555932998657 | 0 | 1.0
0.03757518157362938 | 0 | 1.0
0.02961677871644497 | 0 | 1.0
0.017748700454831123 | 0 | 1.0
0.0019680289551615715 | 0 | 1.0
-0.017728980630636215 | 0 | 1.0
-0.0413462296128273 | 0 | 1.0
-0.06888684630393982 | 0 | 1.0
Total reward: 9.0
5.3, 5.3, 5.3, 5.3, 5.3, 5.3, 5.3, 5.3, 5.3, 5.3
parameter ends

state | action | reward
[0.04] | 0 | 1.0
0.03748374059796333 | 0 | 1.0
0.03388123959302902 | 0 | 1.0
0.02638673596084118 | 0 | 1.0
0.014998269267380238 | 0 | 1.0
-0.00028770894277840853 | 0 | 1.0
-0.019475998356938362 | 0 | 1.0
-0.042572129517793655 | 0 | 1.0
-0.06958161294460297 | 0 | 1.0
-0.10050895065069199 | 0 | 1.0
Total reward: 10.0
5.3, 5.3, 5.3, 5.3, 5.3, 5.3, 5.3, 5.3, 5.3, 5.3
parameter ends

state | action | reward
[0.02] | 0 | 1.0
0.01764269731938839 | 0 | 1.0
0.012873201631009579 | 0 | 1.0
0.0041990503668785095 | 0 | 1.0
-0.008381437510251999 | 0 | 1.0
-0.024871299043297768 | 0 | 1.0
-0.0452745147049427 | 0 | 1.0
-0.06959538906812668 | 0 | 1.0
-0.0978376567363739 | 0 | 1.0
Total reward: 9.0
5.3, 5.3, 5.3, 5.3, 5.3, 5.3, 5.3, 5.3, 5.3, 5.3
parameter ends

state | action | reward
[-0.05] | 0 | 1.0
-0.048531193286180496 | 0 | 1.0
-0.05258113518357277 | 0 | 1.0
-0.06054100766777992 | 0 | 1.0
-0.07241209596395493 | 0 | 1.0
-0.08819697052240372 | 0 | 1.0
-0.10789908468723297 | 0 | 1.0
-0.13152213394641876 | 0 | 1.0
-0.15906915068626404 | 0 | 1.0
Total reward: 9.0
5.3, 5.3, 5.3, 5.3, 5.3, 5.3, 5.3, 5.3, 5.3, 5.3
parameter ends

state | action | reward
[-0.01] | 0 | 1.0
-0.011139138601720333 | 0 | 1.0
-0.01466367021203041 | 0 | 1.0
-0.0220789834856987 | 0 | 1.0
-0.033386725932359695 | 0 | 1.0
-0.04859019070863724 | 0 | 1.0
-0.0676940307021141 | 0 | 1.0
-0.09070375561714172 | 0 | 1.0
-0.11762508004903793 | 0 | 1.0
-0.1484629511833191 | 0 | 1.0
Total reward: 10.0
5.3, 5.3, 5.3, 5.3, 5.3, 5.3, 5.3, 5.3, 5.3, 5.3
parameter ends

state | action | reward
[-0.05] | 0 | 1.0
-0.04849432781338692 | 0 | 1.0
-0.05170512944459915 | 0 | 1.0
-0.0588068962097168 | 0 | 1.0
-0.06980123370885849 | 0 | 1.0
-0.08469140529632568 | 0 | 1.0
-0.10348203033208847 | 0 | 1.0
-0.12617860734462738 | 0 | 1.0
-0.15278680622577667 | 0 | 1.0
-0.1833115965127945 | 0 | 1.0
Total reward: 10.0
5.3, 5.3, 5.3, 5.3, 5.3, 5.3, 5.3, 5.3, 5.3, 5.3
parameter ends

state | action | reward
[-0.02] | 0 | 1.0
-0.014364008791744709 | 0 | 1.0
-0.01753406785428524 | 0 | 1.0
-0.02459605224430561 | 0 | 1.0
-0.035551633685827255 | 0 | 1.0
-0.05040410906076431 | 0 | 1.0
-0.06915810704231262 | 0 | 1.0
-0.09181906282901764 | 0 | 1.0
-0.11839255690574646 | 0 | 1.0
-0.14888332784175873 | 0 | 1.0
Total reward: 10.0
