5.6, 5.6, 5.6, 5.6, 5.6, 5.6, 5.6, 5.6, 5.6, 5.6
parameter ends

state | action | reward
[-0.04] | 0 | 1.0
-0.035952597856521606 | 0 | 1.0
-0.03916867449879646 | 0 | 1.0
-0.04629216715693474 | 0 | 1.0
-0.05732477083802223 | 0 | 1.0
-0.07226943969726562 | 0 | 1.0
-0.09112998098134995 | 0 | 1.0
-0.11391036212444305 | 0 | 1.0
-0.14061380922794342 | 0 | 1.0
Total reward: 9.0
5.6, 5.6, 5.6, 5.6, 5.6, 5.6, 5.6, 5.6, 5.6, 5.6
parameter ends

state | action | reward
[0.04] | 0 | 1.0
0.04547833651304245 | 0 | 1.0
0.042167022824287415 | 0 | 1.0
0.03494015336036682 | 0 | 1.0
0.023796595633029938 | 0 | 1.0
0.008734074421226978 | 0 | 1.0
-0.01025036908686161 | 0 | 1.0
-0.033159710466861725 | 0 | 1.0
Total reward: 8.0
5.6, 5.6, 5.6, 5.6, 5.6, 5.6, 5.6, 5.6, 5.6, 5.6
parameter ends

state | action | reward
[0.01] | 0 | 1.0
0.007238368038088083 | 0 | 1.0
0.003116035833954811 | 0 | 1.0
-0.004908980801701546 | 0 | 1.0
-0.01683843694627285 | 0 | 1.0
-0.03267547860741615 | 0 | 1.0
-0.052424248307943344 | 0 | 1.0
-0.07608926296234131 | 0 | 1.0
-0.10367456078529358 | 0 | 1.0
Total reward: 9.0
5.6, 5.6, 5.6, 5.6, 5.6, 5.6, 5.6, 5.6, 5.6, 5.6
parameter ends

state | action | reward
[0.05] | 0 | 1.0
0.04569060355424881 | 0 | 1.0
0.04100300744175911 | 0 | 1.0
0.032400522381067276 | 0 | 1.0
0.01988179050385952 | 0 | 1.0
0.0034443598706275225 | 0 | 1.0
-0.016914861276745796 | 0 | 1.0
-0.04119887948036194 | 0 | 1.0
Total reward: 8.0
5.6, 5.6, 5.6, 5.6, 5.6, 5.6, 5.6, 5.6, 5.6, 5.6
parameter ends

state | action | reward
[0.03] | 0 | 1.0
0.02803807146847248 | 0 | 1.0
0.024726908653974533 | 0 | 1.0
0.01751069165766239 | 0 | 1.0
0.006388112436980009 | 0 | 1.0
-0.008643549866974354 | 0 | 1.0
-0.02758806198835373 | 0 | 1.0
-0.05044965818524361 | 0 | 1.0
-0.077232226729393 | 0 | 1.0
Total reward: 9.0
5.6, 5.6, 5.6, 5.6, 5.6, 5.6, 5.6, 5.6, 5.6, 5.6
parameter ends

state | action | reward
[-0.03] | 0 | 1.0
-0.02608628198504448 | 0 | 1.0
-0.029731804504990578 | 0 | 1.0
-0.037286896258592606 | 0 | 1.0
-0.048753198236227036 | 0 | 1.0
-0.06413356959819794 | 0 | 1.0
-0.08343162387609482 | 0 | 1.0
-0.10665107518434525 | 0 | 1.0
-0.13379475474357605 | 0 | 1.0
Total reward: 9.0
5.6, 5.6, 5.6, 5.6, 5.6, 5.6, 5.6, 5.6, 5.6, 5.6
parameter ends

state | action | reward
[-0.03] | 0 | 1.0
-0.02617574855685234 | 0 | 1.0
-0.030558757483959198 | 0 | 1.0
-0.038852814584970474 | 0 | 1.0
-0.051059309393167496 | 0 | 1.0
-0.06718087196350098 | 0 | 1.0
-0.08722090721130371 | 0 | 1.0
-0.11118297278881073 | 0 | 1.0
-0.1390697956085205 | 0 | 1.0
Total reward: 9.0
5.6, 5.6, 5.6, 5.6, 5.6, 5.6, 5.6, 5.6, 5.6, 5.6
parameter ends

state | action | reward
[0.03] | 0 | 1.0
0.026836592704057693 | 0 | 1.0
0.021947050467133522 | 0 | 1.0
0.013148033060133457 | 0 | 1.0
0.0004379096790216863 | 0 | 1.0
-0.016186175867915154 | 0 | 1.0
-0.03672784939408302 | 0 | 1.0
-0.06119082495570183 | 0 | 1.0
-0.08957796543836594 | 0 | 1.0
Total reward: 9.0
5.6, 5.6, 5.6, 5.6, 5.6, 5.6, 5.6, 5.6, 5.6, 5.6
parameter ends

state | action | reward
[0.02] | 0 | 1.0
0.014978906139731407 | 0 | 1.0
0.010221199132502079 | 0 | 1.0
0.001574753550812602 | 0 | 1.0
-0.01096261665225029 | 0 | 1.0
-0.027394715696573257 | 0 | 1.0
-0.04772662743926048 | 0 | 1.0
-0.07196418941020966 | 0 | 1.0
-0.10011328756809235 | 0 | 1.0
-0.13217884302139282 | 0 | 1.0
Total reward: 10.0
5.6, 5.6, 5.6, 5.6, 5.6, 5.6, 5.6, 5.6, 5.6, 5.6
parameter ends

state | action | reward
[0.02] | 0 | 1.0
0.021379420533776283 | 0 | 1.0
0.016780106350779533 | 0 | 1.0
0.008291581645607948 | 0 | 1.0
-0.004088067915290594 | 0 | 1.0
-0.020362399518489838 | 0 | 1.0
-0.0405362993478775 | 0 | 1.0
-0.06461548805236816 | 0 | 1.0
-0.0926058292388916 | 0 | 1.0
-0.12451234459877014 | 0 | 1.0
Total reward: 10.0
5.6, 5.6, 5.6, 5.6, 5.6, 5.6, 5.6, 5.6, 5.6, 5.6
parameter ends

state | action | reward
[-0.] | 0 | 1.0
-0.0016174900811165571 | 0 | 1.0
-0.005384804680943489 | 0 | 1.0
-0.013063570484519005 | 0 | 1.0
-0.024655040353536606 | 0 | 1.0
-0.04016171395778656 | 0 | 1.0
-0.059586912393569946 | 0 | 1.0
-0.08293414860963821 | 0 | 1.0
-0.11020620167255402 | 0 | 1.0
Total reward: 9.0
5.6, 5.6, 5.6, 5.6, 5.6, 5.6, 5.6, 5.6, 5.6, 5.6
parameter ends

state | action | reward
[-0.03] | 0 | 1.0
-0.03487619012594223 | 0 | 1.0
-0.03968533128499985 | 0 | 1.0
-0.048395320773124695 | 0 | 1.0
-0.061007969081401825 | 0 | 1.0
-0.0775265246629715 | 0 | 1.0
-0.09795526415109634 | 0 | 1.0
-0.12229890376329422 | 0 | 1.0
-0.15056173503398895 | 0 | 1.0
Total reward: 9.0
5.6, 5.6, 5.6, 5.6, 5.6, 5.6, 5.6, 5.6, 5.6, 5.6
parameter ends

state | action | reward
[0.02] | 0 | 1.0
0.02296989969909191 | 0 | 1.0
0.01986660808324814 | 0 | 1.0
0.012852797284722328 | 0 | 1.0
0.001927063800394535 | 0 | 1.0
-0.012913240119814873 | 0 | 1.0
-0.03167157247662544 | 0 | 1.0
-0.05435154214501381 | 0 | 1.0
-0.08095598965883255 | 0 | 1.0
Total reward: 9.0
5.6, 5.6, 5.6, 5.6, 5.6, 5.6, 5.6, 5.6, 5.6, 5.6
parameter ends

state | action | reward
[0.03] | 0 | 1.0
0.028310038149356842 | 0 | 1.0
0.02480407804250717 | 0 | 1.0
0.017404528334736824 | 0 | 1.0
0.0061094434931874275 | 0 | 1.0
-0.009084687568247318 | 0 | 1.0
-0.028182586655020714 | 0 | 1.0
-0.05118964985013008 | 0 | 1.0
-0.0781111940741539 | 0 | 1.0
-0.10895142704248428 | 0 | 1.0
Total reward: 10.0
5.6, 5.6, 5.6, 5.6, 5.6, 5.6, 5.6, 5.6, 5.6, 5.6
parameter ends

state | action | reward
[-0.01] | 0 | 1.0
-0.010848676785826683 | 0 | 1.0
-0.014193848706781864 | 0 | 1.0
-0.021454662084579468 | 0 | 1.0
-0.032632336020469666 | 0 | 1.0
-0.04772920161485672 | 0 | 1.0
-0.06674824655056 | 0 | 1.0
-0.08969239890575409 | 0 | 1.0
Total reward: 8.0
5.6, 5.6, 5.6, 5.6, 5.6, 5.6, 5.6, 5.6, 5.6, 5.6
parameter ends

state | action | reward
[-0.02] | 0 | 1.0
-0.016844507306814194 | 0 | 1.0
-0.021082354709506035 | 0 | 1.0
-0.029227761551737785 | 0 | 1.0
-0.041282039135694504 | 0 | 1.0
-0.057247839868068695 | 0 | 1.0
-0.07712878286838531 | 0 | 1.0
-0.10092884302139282 | 0 | 1.0
-0.1286514699459076 | 0 | 1.0
Total reward: 9.0
5.6, 5.6, 5.6, 5.6, 5.6, 5.6, 5.6, 5.6, 5.6, 5.6
parameter ends

state | action | reward
[0.02] | 0 | 1.0
0.02252950705587864 | 0 | 1.0
0.019184475764632225 | 0 | 1.0
0.011941134929656982 | 0 | 1.0
0.0007976980996318161 | 0 | 1.0
-0.014249112457036972 | 0 | 1.0
-0.033203694969415665 | 0 | 1.0
-0.05607100948691368 | 0 | 1.0
-0.08285575360059738 | 0 | 1.0
-0.11356133222579956 | 0 | 1.0
Total reward: 10.0
5.6, 5.6, 5.6, 5.6, 5.6, 5.6, 5.6, 5.6, 5.6, 5.6
parameter ends

state | action | reward
[0.03] | 0 | 1.0
0.027945296838879585 | 0 | 1.0
0.024394260719418526 | 0 | 1.0
0.016949713230133057 | 0 | 1.0
0.005610126536339521 | 0 | 1.0
-0.00962765607982874 | 0 | 1.0
-0.02876809798181057 | 0 | 1.0
-0.051816485822200775 | 0 | 1.0
-0.0787782222032547 | 0 | 1.0
-0.10965786874294281 | 0 | 1.0
Total reward: 10.0
5.6, 5.6, 5.6, 5.6, 5.6, 5.6, 5.6, 5.6, 5.6, 5.6
parameter ends

state | action | reward
[0.04] | 0 | 1.0
0.04387413710355759 | 0 | 1.0
0.040301382541656494 | 0 | 1.0
0.03283296898007393 | 0 | 1.0
0.021467305719852448 | 0 | 1.0
0.006201235577464104 | 0 | 1.0
-0.012969648465514183 | 0 | 1.0
-0.03605048358440399 | 0 | 1.0
-0.063046395778656 | 0 | 1.0
-0.09396151453256607 | 0 | 1.0
Total reward: 10.0
5.6, 5.6, 5.6, 5.6, 5.6, 5.6, 5.6, 5.6, 5.6, 5.6
parameter ends

state | action | reward
[-0.03] | 0 | 1.0
-0.031719330698251724 | 0 | 1.0
-0.034945230931043625 | 0 | 1.0
-0.04206537827849388 | 0 | 1.0
-0.05308146774768829 | 0 | 1.0
-0.06799677014350891 | 0 | 1.0
-0.08681581914424896 | 0 | 1.0
-0.10954388976097107 | 0 | 1.0
-0.13618627190589905 | 0 | 1.0
-0.16674727201461792 | 0 | 1.0
Total reward: 10.0
