5.3, 5.3, 5.3, 5.3, 5.3, 5.3, 5.3, 5.3, 5.3, 5.3
parameter ends

state | action | reward
[-0.02] | 0 | 1.0
-0.022669076919555664 | 0 | 1.0
-0.02677013911306858 | 0 | 1.0
-0.03478202968835831 | 0 | 1.0
-0.04670608788728714 | 0 | 1.0
-0.06254489719867706 | 0 | 1.0
-0.08230187743902206 | 0 | 1.0
-0.10598059743642807 | 0 | 1.0
-0.1335839033126831 | 0 | 1.0
Total reward: 9.0
5.3, 5.3, 5.3, 5.3, 5.3, 5.3, 5.3, 5.3, 5.3, 5.3
parameter ends

state | action | reward
[0.03] | 0 | 1.0
0.033295322209596634 | 0 | 1.0
0.02904404141008854 | 0 | 1.0
0.020891722291707993 | 0 | 1.0
0.008836794644594193 | 0 | 1.0
-0.00712377717718482 | 0 | 1.0
-0.02699412778019905 | 0 | 1.0
-0.05077891796827316 | 0 | 1.0
-0.07848253846168518 | 0 | 1.0
-0.11010802537202835 | 0 | 1.0
Total reward: 10.0
5.3, 5.3, 5.3, 5.3, 5.3, 5.3, 5.3, 5.3, 5.3, 5.3
parameter ends

state | action | reward
[-0.04] | 0 | 1.0
-0.04203879460692406 | 0 | 1.0
-0.04616868123412132 | 0 | 1.0
-0.05419245734810829 | 0 | 1.0
-0.0661119818687439 | 0 | 1.0
-0.08193069696426392 | 0 | 1.0
-0.10165325552225113 | 0 | 1.0
-0.12528501451015472 | 0 | 1.0
-0.1528312712907791 | 0 | 1.0
-0.18429625034332275 | 0 | 1.0
Total reward: 10.0
5.3, 5.3, 5.3, 5.3, 5.3, 5.3, 5.3, 5.3, 5.3, 5.3
parameter ends

state | action | reward
[0.03] | 0 | 1.0
0.029281092807650566 | 0 | 1.0
0.025096936151385307 | 0 | 1.0
0.017018288373947144 | 0 | 1.0
0.005043223965913057 | 0 | 1.0
-0.01083173044025898 | 0 | 1.0
-0.030611243098974228 | 0 | 1.0
-0.05430062860250473 | 0 | 1.0
-0.08190508931875229 | 0 | 1.0
-0.11342868208885193 | 0 | 1.0
Total reward: 10.0
5.3, 5.3, 5.3, 5.3, 5.3, 5.3, 5.3, 5.3, 5.3, 5.3
parameter ends

state | action | reward
[0.] | 0 | 1.0
0.0033875368535518646 | 0 | 1.0
-0.0007733234670013189 | 0 | 1.0
-0.008848953992128372 | 0 | 1.0
-0.02084052562713623 | 0 | 1.0
-0.036750368773937225 | 0 | 1.0
-0.056581515818834305 | 0 | 1.0
-0.0803370550274849 | 0 | 1.0
Total reward: 8.0
5.3, 5.3, 5.3, 5.3, 5.3, 5.3, 5.3, 5.3, 5.3, 5.3
parameter ends

state | action | reward
[-0.01] | 0 | 1.0
-0.006638742052018642 | 0 | 1.0
-0.010992264375090599 | 0 | 1.0
-0.01923452876508236 | 0 | 1.0
-0.03136773779988289 | 0 | 1.0
-0.04739571362733841 | 0 | 1.0
-0.06732355058193207 | 0 | 1.0
-0.09115708619356155 | 0 | 1.0
-0.11890220642089844 | 0 | 1.0
-0.1505638211965561 | 0 | 1.0
Total reward: 10.0
5.3, 5.3, 5.3, 5.3, 5.3, 5.3, 5.3, 5.3, 5.3, 5.3
parameter ends

state | action | reward
[-0.01] | 0 | 1.0
-0.00924200564622879 | 0 | 1.0
-0.012526551261544228 | 0 | 1.0
-0.019704077392816544 | 0 | 1.0
-0.030776560306549072 | 0 | 1.0
-0.0457475446164608 | 0 | 1.0
-0.06462180614471436 | 0 | 1.0
-0.08740479499101639 | 0 | 1.0
-0.11410189419984818 | 0 | 1.0
-0.14471741020679474 | 0 | 1.0
Total reward: 10.0
5.3, 5.3, 5.3, 5.3, 5.3, 5.3, 5.3, 5.3, 5.3, 5.3
parameter ends

state | action | reward
[-0.02] | 0 | 1.0
-0.01820569857954979 | 0 | 1.0
-0.021408019587397575 | 0 | 1.0
-0.028506984934210777 | 0 | 1.0
-0.03950444981455803 | 0 | 1.0
-0.05440378934144974 | 0 | 1.0
-0.07320953160524368 | 0 | 1.0
-0.09592678397893906 | 0 | 1.0
-0.12256047874689102 | 0 | 1.0
-0.15311428904533386 | 0 | 1.0
Total reward: 10.0
5.3, 5.3, 5.3, 5.3, 5.3, 5.3, 5.3, 5.3, 5.3, 5.3
parameter ends

state | action | reward
[0.04] | 0 | 1.0
0.041118964552879333 | 0 | 1.0
0.03761398419737816 | 0 | 1.0
0.030200805515050888 | 0 | 1.0
0.0188781525939703 | 0 | 1.0
0.0036434077192097902 | 0 | 1.0
-0.0155069874599576 | 0 | 1.0
-0.03857693076133728 | 0 | 1.0
-0.06556979566812515 | 0 | 1.0
Total reward: 9.0
5.3, 5.3, 5.3, 5.3, 5.3, 5.3, 5.3, 5.3, 5.3, 5.3
parameter ends

state | action | reward
[-0.04] | 0 | 1.0
-0.039068806916475296 | 0 | 1.0
-0.04280988499522209 | 0 | 1.0
-0.0504397489130497 | 0 | 1.0
-0.061960428953170776 | 0 | 1.0
-0.07737559825181961 | 0 | 1.0
-0.09669023752212524 | 0 | 1.0
-0.11991014331579208 | 0 | 1.0
-0.1470412015914917 | 0 | 1.0
-0.17808844149112701 | 0 | 1.0
Total reward: 10.0
5.3, 5.3, 5.3, 5.3, 5.3, 5.3, 5.3, 5.3, 5.3, 5.3
parameter ends

state | action | reward
[-0.01] | 0 | 1.0
-0.010354056023061275 | 0 | 1.0
-0.013639510609209538 | 0 | 1.0
-0.02081945352256298 | 0 | 1.0
-0.0318954661488533 | 0 | 1.0
-0.04687073826789856 | 0 | 1.0
-0.06574972718954086 | 0 | 1.0
-0.08853766322135925 | 0 | 1.0
-0.11523981392383575 | 0 | 1.0
-0.14586053788661957 | 0 | 1.0
Total reward: 10.0
5.3, 5.3, 5.3, 5.3, 5.3, 5.3, 5.3, 5.3, 5.3, 5.3
parameter ends

state | action | reward
[0.02] | 0 | 1.0
0.02331523410975933 | 0 | 1.0
0.01931608095765114 | 0 | 1.0
0.011424800381064415 | 0 | 1.0
-0.00036049142363481224 | 0 | 1.0
-0.01604328118264675 | 0 | 1.0
-0.035628318786621094 | 0 | 1.0
-0.05912110581994057 | 0 | 1.0
-0.08652715384960175 | 0 | 1.0
-0.11785099655389786 | 0 | 1.0
Total reward: 10.0
5.3, 5.3, 5.3, 5.3, 5.3, 5.3, 5.3, 5.3, 5.3, 5.3
parameter ends

state | action | reward
[-0.] | 0 | 1.0
-0.0019048744579777122 | 0 | 1.0
-0.0061254133470356464 | 0 | 1.0
-0.014247252605855465 | 0 | 1.0
-0.02627202495932579 | 0 | 1.0
-0.04220281541347504 | 0 | 1.0
-0.062043771147727966 | 0 | 1.0
-0.08579954504966736 | 0 | 1.0
-0.11347445845603943 | 0 | 1.0
Total reward: 9.0
5.3, 5.3, 5.3, 5.3, 5.3, 5.3, 5.3, 5.3, 5.3, 5.3
parameter ends

state | action | reward
[0.02] | 0 | 1.0
0.01480060163885355 | 0 | 1.0
0.010685495100915432 | 0 | 1.0
0.0026794946752488613 | 0 | 1.0
-0.009219210594892502 | 0 | 1.0
-0.025014065206050873 | 0 | 1.0
-0.04470982402563095 | 0 | 1.0
-0.06831204891204834 | 0 | 1.0
-0.09582642465829849 | 0 | 1.0
-0.12725776433944702 | 0 | 1.0
Total reward: 10.0
5.3, 5.3, 5.3, 5.3, 5.3, 5.3, 5.3, 5.3, 5.3, 5.3
parameter ends

state | action | reward
[-0.03] | 0 | 1.0
-0.025913134217262268 | 0 | 1.0
-0.02977370284497738 | 0 | 1.0
-0.0375308021903038 | 0 | 1.0
-0.049186039716005325 | 0 | 1.0
-0.06474259495735168 | 0 | 1.0
-0.08420484513044357 | 0 | 1.0
-0.1075778603553772 | 0 | 1.0
-0.1348666548728943 | 0 | 1.0
-0.16607517004013062 | 0 | 1.0
Total reward: 10.0
5.3, 5.3, 5.3, 5.3, 5.3, 5.3, 5.3, 5.3, 5.3, 5.3
parameter ends

state | action | reward
[-0.01] | 0 | 1.0
-0.01118077989667654 | 0 | 1.0
-0.014598171226680279 | 0 | 1.0
-0.02191760577261448 | 0 | 1.0
-0.033140454441308975 | 0 | 1.0
-0.048269566148519516 | 0 | 1.0
-0.06730891019105911 | 0 | 1.0
-0.0902630090713501 | 0 | 1.0
-0.11713620275259018 | 0 | 1.0
-0.1479315161705017 | 0 | 1.0
Total reward: 10.0
5.3, 5.3, 5.3, 5.3, 5.3, 5.3, 5.3, 5.3, 5.3, 5.3
parameter ends

state | action | reward
[-0.01] | 0 | 1.0
-0.004776718094944954 | 0 | 1.0
-0.00842009112238884 | 0 | 1.0
-0.01597587764263153 | 0 | 1.0
-0.027445461601018906 | 0 | 1.0
-0.0428314171731472 | 0 | 1.0
-0.062137044966220856 | 0 | 1.0
-0.08536570519208908 | 0 | 1.0
Total reward: 8.0
5.3, 5.3, 5.3, 5.3, 5.3, 5.3, 5.3, 5.3, 5.3, 5.3
parameter ends

state | action | reward
[-0.02] | 0 | 1.0
-0.017573578283190727 | 0 | 1.0
-0.022170433774590492 | 0 | 1.0
-0.03067770041525364 | 0 | 1.0
-0.04309674724936485 | 0 | 1.0
-0.05943019315600395 | 0 | 1.0
-0.07968148589134216 | 0 | 1.0
-0.10385426133871078 | 0 | 1.0
-0.13195140659809113 | 0 | 1.0
Total reward: 9.0
5.3, 5.3, 5.3, 5.3, 5.3, 5.3, 5.3, 5.3, 5.3, 5.3
parameter ends

state | action | reward
[0.02] | 0 | 1.0
0.024000870063900948 | 0 | 1.0
0.02081173099577427 | 0 | 1.0
0.013728431425988674 | 0 | 1.0
0.0027490342035889626 | 0 | 1.0
-0.012129954062402248 | 0 | 1.0
-0.030913226306438446 | 0 | 1.0
-0.05360613018274307 | 0 | 1.0
-0.08021391183137894 | 0 | 1.0
-0.11074066907167435 | 0 | 1.0
Total reward: 10.0
5.3, 5.3, 5.3, 5.3, 5.3, 5.3, 5.3, 5.3, 5.3, 5.3
parameter ends

state | action | reward
[0.01] | 0 | 1.0
0.014024253003299236 | 0 | 1.0
0.009956168942153454 | 0 | 1.0
0.00197473238222301 | 0 | 1.0
-0.0099211810156703 | 0 | 1.0
-0.025733908638358116 | 0 | 1.0
-0.045466579496860504 | 0 | 1.0
-0.06912247836589813 | 0 | 1.0
-0.09670411795377731 | 0 | 1.0
Total reward: 9.0
