5.3, 5.3, 5.3, 5.3, 5.3, 5.3, 5.3, 5.3, 5.3, 5.3
parameter ends

state | action | reward
[-0.04] | 0 | 1.0
-0.041947659105062485 | 0 | 1.0
-0.04543965682387352 | 0 | 1.0
-0.05282514914870262 | 0 | 1.0
-0.0641058161854744 | 0 | 1.0
-0.07928492873907089 | 0 | 1.0
-0.09836705029010773 | 0 | 1.0
-0.1213575229048729 | 0 | 1.0
-0.14826171100139618 | 0 | 1.0
-0.17908409237861633 | 0 | 1.0
Total reward: 10.0
5.3, 5.3, 5.3, 5.3, 5.3, 5.3, 5.3, 5.3, 5.3, 5.3
parameter ends

state | action | reward
[-0.05] | 0 | 1.0
-0.04966840520501137 | 0 | 1.0
-0.05349421128630638 | 0 | 1.0
-0.06121011823415756 | 0 | 1.0
-0.07281804829835892 | 0 | 1.0
-0.08832155913114548 | 0 | 1.0
-0.10772550106048584 | 0 | 1.0
-0.13103553652763367 | 0 | 1.0
-0.1582574099302292 | 0 | 1.0
-0.18939600884914398 | 0 | 1.0
Total reward: 10.0
5.3, 5.3, 5.3, 5.3, 5.3, 5.3, 5.3, 5.3, 5.3, 5.3
parameter ends

state | action | reward
[-0.02] | 0 | 1.0
-0.01604263111948967 | 0 | 1.0
-0.02091195248067379 | 0 | 1.0
-0.02969088964164257 | 0 | 1.0
-0.04238108918070793 | 0 | 1.0
-0.05898542329668999 | 0 | 1.0
-0.0795075073838234 | 0 | 1.0
-0.10395103693008423 | 0 | 1.0
-0.13231882452964783 | 0 | 1.0
Total reward: 9.0
5.3, 5.3, 5.3, 5.3, 5.3, 5.3, 5.3, 5.3, 5.3, 5.3
parameter ends

state | action | reward
[-0.01] | 0 | 1.0
-0.013411304913461208 | 0 | 1.0
-0.017948316410183907 | 0 | 1.0
-0.026397474110126495 | 0 | 1.0
-0.03876011446118355 | 0 | 1.0
-0.05503877252340317 | 0 | 1.0
-0.07523675262928009 | 0 | 1.0
-0.09935746341943741 | 0 | 1.0
-0.12740348279476166 | 0 | 1.0
Total reward: 9.0
5.3, 5.3, 5.3, 5.3, 5.3, 5.3, 5.3, 5.3, 5.3, 5.3
parameter ends

state | action | reward
[-0.01] | 0 | 1.0
-0.010711575858294964 | 0 | 1.0
-0.014514909125864506 | 0 | 1.0
-0.02221311628818512 | 0 | 1.0
-0.033807966858148575 | 0 | 1.0
-0.04930279403924942 | 0 | 1.0
-0.06870215386152267 | 0 | 1.0
-0.09201129525899887 | 0 | 1.0
-0.11923540383577347 | 0 | 1.0
-0.15037859976291656 | 0 | 1.0
Total reward: 10.0
5.3, 5.3, 5.3, 5.3, 5.3, 5.3, 5.3, 5.3, 5.3, 5.3
parameter ends

state | action | reward
[0.05] | 0 | 1.0
0.04546239227056503 | 0 | 1.0
0.04192180186510086 | 0 | 1.0
0.03446999192237854 | 0 | 1.0
0.023105744272470474 | 0 | 1.0
0.007826578803360462 | 0 | 1.0
-0.011370830237865448 | 0 | 1.0
-0.03449002280831337 | 0 | 1.0
-0.061533860862255096 | 0 | 1.0
Total reward: 9.0
5.3, 5.3, 5.3, 5.3, 5.3, 5.3, 5.3, 5.3, 5.3, 5.3
parameter ends

state | action | reward
[0.02] | 0 | 1.0
0.015560956671833992 | 0 | 1.0
0.011514468118548393 | 0 | 1.0
0.003579409560188651 | 0 | 1.0
-0.00824629794806242 | 0 | 1.0
-0.023966370150446892 | 0 | 1.0
-0.043585825711488724 | 0 | 1.0
-0.06711049377918243 | 0 | 1.0
-0.09454627335071564 | 0 | 1.0
-0.12589821219444275 | 0 | 1.0
Total reward: 10.0
5.3, 5.3, 5.3, 5.3, 5.3, 5.3, 5.3, 5.3, 5.3, 5.3
parameter ends

state | action | reward
[-0.01] | 0 | 1.0
-0.010837961919605732 | 0 | 1.0
-0.01448354497551918 | 0 | 1.0
-0.02201741188764572 | 0 | 1.0
-0.03344126418232918 | 0 | 1.0
-0.048758503049612045 | 0 | 1.0
-0.06797391176223755 | 0 | 1.0
-0.09109319746494293 | 0 | 1.0
-0.11812233179807663 | 0 | 1.0
-0.14906664192676544 | 0 | 1.0
-0.18392960727214813 | 0 | 1.0
Total reward: 11.0
5.3, 5.3, 5.3, 5.3, 5.3, 5.3, 5.3, 5.3, 5.3, 5.3
parameter ends

state | action | reward
[0.02] | 0 | 1.0
0.022845862433314323 | 0 | 1.0
0.019336244091391563 | 0 | 1.0
0.011923009529709816 | 0 | 1.0
0.0006047627539373934 | 0 | 1.0
-0.014621330425143242 | 0 | 1.0
-0.033759165555238724 | 0 | 1.0
-0.056813135743141174 | 0 | 1.0
-0.08378730714321136 | 0 | 1.0
Total reward: 9.0
5.3, 5.3, 5.3, 5.3, 5.3, 5.3, 5.3, 5.3, 5.3, 5.3
parameter ends

state | action | reward
[-0.04] | 0 | 1.0
-0.03857266902923584 | 0 | 1.0
-0.04201768711209297 | 0 | 1.0
-0.04935494065284729 | 0 | 1.0
-0.06058630719780922 | 0 | 1.0
-0.07571527361869812 | 0 | 1.0
-0.09474657475948334 | 0 | 1.0
-0.1176857128739357 | 0 | 1.0
-0.14453817903995514 | 0 | 1.0
-0.175308495759964 | 0 | 1.0
Total reward: 10.0
5.3, 5.3, 5.3, 5.3, 5.3, 5.3, 5.3, 5.3, 5.3, 5.3
parameter ends

state | action | reward
[0.01] | 0 | 1.0
0.0058974321000278 | 0 | 1.0
0.0027598729357123375 | 0 | 1.0
-0.004291426856070757 | 0 | 1.0
-0.01525794342160225 | 0 | 1.0
-0.03014226444065571 | 0 | 1.0
-0.048947617411613464 | 0 | 1.0
-0.07167714834213257 | 0 | 1.0
Total reward: 8.0
5.3, 5.3, 5.3, 5.3, 5.3, 5.3, 5.3, 5.3, 5.3, 5.3
parameter ends

state | action | reward
[0.03] | 0 | 1.0
0.02725137025117874 | 0 | 1.0
0.022862620651721954 | 0 | 1.0
0.014577279798686504 | 0 | 1.0
0.002393690636381507 | 0 | 1.0
-0.013691350817680359 | 0 | 1.0
-0.03368225321173668 | 0 | 1.0
-0.05758409574627876 | 0 | 1.0
-0.08540186285972595 | 0 | 1.0
-0.11713944375514984 | 0 | 1.0
Total reward: 10.0
5.3, 5.3, 5.3, 5.3, 5.3, 5.3, 5.3, 5.3, 5.3, 5.3
parameter ends

state | action | reward
[-0.04] | 0 | 1.0
-0.04116499423980713 | 0 | 1.0
-0.04535093531012535 | 0 | 1.0
-0.05344857648015022 | 0 | 1.0
-0.06545951962471008 | 0 | 1.0
-0.0813865140080452 | 0 | 1.0
-0.10123300552368164 | 0 | 1.0
-0.1250024139881134 | 0 | 1.0
Total reward: 8.0
5.3, 5.3, 5.3, 5.3, 5.3, 5.3, 5.3, 5.3, 5.3, 5.3
parameter ends

state | action | reward
[0.03] | 0 | 1.0
0.03546192869544029 | 0 | 1.0
0.03208477795124054 | 0 | 1.0
0.02481103129684925 | 0 | 1.0
0.013638799078762531 | 0 | 1.0
-0.001435318379662931 | 0 | 1.0
-0.02041586861014366 | 0 | 1.0
-0.04330798238515854 | 0 | 1.0
-0.07011657953262329 | 0 | 1.0
-0.10084529966115952 | 0 | 1.0
Total reward: 10.0
5.3, 5.3, 5.3, 5.3, 5.3, 5.3, 5.3, 5.3, 5.3, 5.3
parameter ends

state | action | reward
[-0.04] | 0 | 1.0
-0.04471788927912712 | 0 | 1.0
-0.04912499710917473 | 0 | 1.0
-0.057435307651758194 | 0 | 1.0
-0.06965033710002899 | 0 | 1.0
-0.0857730358839035 | 0 | 1.0
-0.10580740123987198 | 0 | 1.0
-0.1297578662633896 | 0 | 1.0
-0.15762850642204285 | 0 | 1.0
Total reward: 9.0
5.3, 5.3, 5.3, 5.3, 5.3, 5.3, 5.3, 5.3, 5.3, 5.3
parameter ends

state | action | reward
[0.05] | 0 | 1.0
0.04897752031683922 | 0 | 1.0
0.045301929116249084 | 0 | 1.0
0.037719592452049255 | 0 | 1.0
0.0262291319668293 | 0 | 1.0
0.010827802121639252 | 0 | 1.0
-0.008488097228109837 | 0 | 1.0
-0.03172262758016586 | 0 | 1.0
-0.05887935310602188 | 0 | 1.0
Total reward: 9.0
5.3, 5.3, 5.3, 5.3, 5.3, 5.3, 5.3, 5.3, 5.3, 5.3
parameter ends

state | action | reward
[-0.01] | 0 | 1.0
-0.010482982732355595 | 0 | 1.0
-0.013923815451562405 | 0 | 1.0
-0.02127411775290966 | 0 | 1.0
-0.03253535181283951 | 0 | 1.0
-0.047710251063108444 | 0 | 1.0
-0.06680236756801605 | 0 | 1.0
-0.08981544524431229 | 0 | 1.0
-0.11675247550010681 | 0 | 1.0
Total reward: 9.0
5.3, 5.3, 5.3, 5.3, 5.3, 5.3, 5.3, 5.3, 5.3, 5.3
parameter ends

state | action | reward
[-0.02] | 0 | 1.0
-0.02182627283036709 | 0 | 1.0
-0.02591145783662796 | 0 | 1.0
-0.033906325697898865 | 0 | 1.0
-0.045812394469976425 | 0 | 1.0
-0.061632417142391205 | 0 | 1.0
-0.08136995136737823 | 0 | 1.0
-0.10502870380878448 | 0 | 1.0
-0.13261158764362335 | 0 | 1.0
Total reward: 9.0
5.3, 5.3, 5.3, 5.3, 5.3, 5.3, 5.3, 5.3, 5.3, 5.3
parameter ends

state | action | reward
[0.01] | 0 | 1.0
0.009860266000032425 | 0 | 1.0
0.006706510670483112 | 0 | 1.0
-0.00034506351221352816 | 0 | 1.0
-0.011295978911221027 | 0 | 1.0
-0.02614930272102356 | 0 | 1.0
-0.04490930214524269 | 0 | 1.0
-0.06758091598749161 | 0 | 1.0
-0.0941690132021904 | 0 | 1.0
-0.12467735260725021 | 0 | 1.0
Total reward: 10.0
5.3, 5.3, 5.3, 5.3, 5.3, 5.3, 5.3, 5.3, 5.3, 5.3
parameter ends

state | action | reward
[0.03] | 0 | 1.0
0.033955205231904984 | 0 | 1.0
0.030092919245362282 | 0 | 1.0
0.02233239822089672 | 0 | 1.0
0.01067214086651802 | 0 | 1.0
-0.004890890326350927 | 0 | 1.0
-0.024360930547118187 | 0 | 1.0
-0.04774288088083267 | 0 | 1.0
-0.07504155486822128 | 0 | 1.0
-0.10626065731048584 | 0 | 1.0
Total reward: 10.0
