-5.0, 5.0, -5.0, 5.0, -5.0, 5.0, -5.0, 5.0, -5.0, 5.0
parameter ends

state | action | reward
[0.02] | 1 | 1.0
0.02061520516872406 | 1 | 1.0
0.023853115737438202 | 1 | 1.0
0.030983544886112213 | 1 | 1.0
0.04200846329331398 | 1 | 1.0
0.056931424885988235 | 1 | 1.0
0.0757572203874588 | 1 | 1.0
0.09849133342504501 | 1 | 1.0
0.12513920664787292 | 1 | 1.0
0.1557052582502365 | 0 | 1.0
Total reward: 10.0
-5.0, 5.0, -5.0, 5.0, -5.0, 5.0, -5.0, 5.0, -5.0, 5.0
parameter ends

state | action | reward
[0.02] | 1 | 1.0
0.017742669209837914 | 1 | 1.0
0.020709926262497902 | 1 | 1.0
0.02757738158106804 | 1 | 1.0
0.03834686800837517 | 1 | 1.0
0.05302165448665619 | 1 | 1.0
0.07160606235265732 | 1 | 1.0
0.09410487860441208 | 1 | 1.0
0.12052249908447266 | 1 | 1.0
Total reward: 9.0
-5.0, 5.0, -5.0, 5.0, -5.0, 5.0, -5.0, 5.0, -5.0, 5.0
parameter ends

state | action | reward
[0.01] | 1 | 1.0
0.010710624046623707 | 1 | 1.0
0.01396969985216856 | 1 | 1.0
0.021133488044142723 | 1 | 1.0
0.03220349922776222 | 1 | 1.0
0.04718262702226639 | 1 | 1.0
0.06607476621866226 | 1 | 1.0
0.08888420462608337 | 1 | 1.0
0.11561477929353714 | 1 | 1.0
Total reward: 9.0
-5.0, 5.0, -5.0, 5.0, -5.0, 5.0, -5.0, 5.0, -5.0, 5.0
parameter ends

state | action | reward
[-0.02] | 1 | 1.0
-0.020420102402567863 | 1 | 1.0
-0.015523873269557953 | 1 | 1.0
-0.006713452283293009 | 1 | 1.0
0.00601229490712285 | 1 | 1.0
0.022655682638287544 | 1 | 1.0
0.04321978613734245 | 1 | 1.0
0.06770776957273483 | 1 | 1.0
Total reward: 8.0
-5.0, 5.0, -5.0, 5.0, -5.0, 5.0, -5.0, 5.0, -5.0, 5.0
parameter ends

state | action | reward
[-0.03] | 1 | 1.0
-0.027651507407426834 | 1 | 1.0
-0.02284344844520092 | 1 | 1.0
-0.014141721650958061 | 1 | 1.0
-0.0015446760226041079 | 1 | 1.0
0.014950942248106003 | 1 | 1.0
0.03534966707229614 | 1 | 1.0
0.05965681001543999 | 1 | 1.0
0.08787773549556732 | 1 | 1.0
0.12001688778400421 | 1 | 1.0
Total reward: 10.0
-5.0, 5.0, -5.0, 5.0, -5.0, 5.0, -5.0, 5.0, -5.0, 5.0
parameter ends

state | action | reward
[0.04] | 1 | 1.0
0.03681919723749161 | 1 | 1.0
0.04015018790960312 | 1 | 1.0
0.04739278182387352 | 1 | 1.0
0.058548469096422195 | 1 | 1.0
0.07361991703510284 | 1 | 1.0
0.09261053800582886 | 1 | 1.0
0.11552378535270691 | 1 | 1.0
0.14236219227313995 | 0 | 1.0
Total reward: 9.0
-5.0, 5.0, -5.0, 5.0, -5.0, 5.0, -5.0, 5.0, -5.0, 5.0
parameter ends

state | action | reward
[-0.03] | 1 | 1.0
-0.027249883860349655 | 1 | 1.0
-0.023860953748226166 | 1 | 1.0
-0.016556810587644577 | 1 | 1.0
-0.005336235277354717 | 1 | 1.0
0.00980312004685402 | 1 | 1.0
0.02886427380144596 | 1 | 1.0
0.05185022950172424 | 1 | 1.0
Total reward: 8.0
-5.0, 5.0, -5.0, 5.0, -5.0, 5.0, -5.0, 5.0, -5.0, 5.0
parameter ends

state | action | reward
[-0.03] | 1 | 1.0
-0.031469881534576416 | 1 | 1.0
-0.02657010592520237 | 1 | 1.0
-0.017766887322068214 | 1 | 1.0
-0.005058676935732365 | 1 | 1.0
0.011557481251657009 | 1 | 1.0
0.03208557516336441 | 1 | 1.0
0.056530024856328964 | 1 | 1.0
0.08489485830068588 | 1 | 1.0
Total reward: 9.0
-5.0, 5.0, -5.0, 5.0, -5.0, 5.0, -5.0, 5.0, -5.0, 5.0
parameter ends

state | action | reward
[0.04] | 1 | 1.0
0.04262802004814148 | 1 | 1.0
0.04750300571322441 | 1 | 1.0
0.056284043937921524 | 1 | 1.0
0.06897275149822235 | 1 | 1.0
0.08557206392288208 | 1 | 1.0
0.10608583688735962 | 1 | 1.0
0.13051821291446686 | 1 | 1.0
0.15887273848056793 | 1 | 1.0
Total reward: 9.0
-5.0, 5.0, -5.0, 5.0, -5.0, 5.0, -5.0, 5.0, -5.0, 5.0
parameter ends

state | action | reward
[-0.01] | 1 | 1.0
-0.013842514716088772 | 1 | 1.0
-0.010543574579060078 | 1 | 1.0
-0.0033313333988189697 | 1 | 1.0
0.0077957287430763245 | 1 | 1.0
0.02284024842083454 | 1 | 1.0
0.04180550202727318 | 1 | 1.0
0.06469469517469406 | 0 | 1.0
Total reward: 8.0
-5.0, 5.0, -5.0, 5.0, -5.0, 5.0, -5.0, 5.0, -5.0, 5.0
parameter ends

state | action | reward
[-0.05] | 1 | 1.0
-0.04755645990371704 | 1 | 1.0
-0.04367109388113022 | 1 | 1.0
-0.03589387983083725 | 1 | 1.0
-0.02422286942601204 | 1 | 1.0
-0.008654518984258175 | 1 | 1.0
0.010815969668328762 | 1 | 1.0
0.034194134175777435 | 1 | 1.0
0.061485517770051956 | 1 | 1.0
0.09269464761018753 | 0 | 1.0
Total reward: 10.0
-5.0, 5.0, -5.0, 5.0, -5.0, 5.0, -5.0, 5.0, -5.0, 5.0
parameter ends

state | action | reward
[-0.04] | 1 | 1.0
-0.039823099970817566 | 1 | 1.0
-0.03610062226653099 | 1 | 1.0
-0.028484048321843147 | 1 | 1.0
-0.016971534118056297 | 1 | 1.0
-0.0015596626326441765 | 1 | 1.0
0.017756205052137375 | 1 | 1.0
0.04098140075802803 | 1 | 1.0
0.06812119483947754 | 1 | 1.0
0.09917978942394257 | 0 | 1.0
Total reward: 10.0
-5.0, 5.0, -5.0, 5.0, -5.0, 5.0, -5.0, 5.0, -5.0, 5.0
parameter ends

state | action | reward
[0.04] | 1 | 1.0
0.04257018491625786 | 1 | 1.0
0.045625485479831696 | 1 | 1.0
0.05257705599069595 | 1 | 1.0
0.0634264349937439 | 1 | 1.0
0.07817672938108444 | 1 | 1.0
0.096832275390625 | 1 | 1.0
0.11939815431833267 | 1 | 1.0
0.14587941765785217 | 1 | 1.0
0.17628014087677002 | 1 | 1.0
Total reward: 10.0
-5.0, 5.0, -5.0, 5.0, -5.0, 5.0, -5.0, 5.0, -5.0, 5.0
parameter ends

state | action | reward
[0.03] | 1 | 1.0
0.03101801685988903 | 1 | 1.0
0.03432174026966095 | 1 | 1.0
0.0415349006652832 | 1 | 1.0
0.05265909060835838 | 1 | 1.0
0.06769714504480362 | 1 | 1.0
0.08665267378091812 | 1 | 1.0
0.10952939838171005 | 1 | 1.0
0.1363302320241928 | 0 | 1.0
Total reward: 9.0
-5.0, 5.0, -5.0, 5.0, -5.0, 5.0, -5.0, 5.0, -5.0, 5.0
parameter ends

state | action | reward
[0.04] | 1 | 1.0
0.034284237772226334 | 1 | 1.0
0.0373736210167408 | 1 | 1.0
0.044378288090229034 | 1 | 1.0
0.05529961362481117 | 1 | 1.0
0.070140041410923 | 1 | 1.0
0.08890264481306076 | 1 | 1.0
0.11159034818410873 | 1 | 1.0
Total reward: 8.0
-5.0, 5.0, -5.0, 5.0, -5.0, 5.0, -5.0, 5.0, -5.0, 5.0
parameter ends

state | action | reward
[0.04] | 1 | 1.0
0.0351601205766201 | 1 | 1.0
0.03827939182519913 | 1 | 1.0
0.04530809819698334 | 1 | 1.0
0.056247610598802567 | 1 | 1.0
0.07110057026147842 | 1 | 1.0
0.08987049758434296 | 1 | 1.0
0.11256114393472672 | 1 | 1.0
0.13917559385299683 | 0 | 1.0
Total reward: 9.0
-5.0, 5.0, -5.0, 5.0, -5.0, 5.0, -5.0, 5.0, -5.0, 5.0
parameter ends

state | action | reward
[0.01] | 1 | 1.0
0.009487510658800602 | 1 | 1.0
0.012838265858590603 | 1 | 1.0
0.020087404176592827 | 1 | 1.0
0.031236756592988968 | 1 | 1.0
0.04628964513540268 | 1 | 1.0
0.06525048613548279 | 1 | 1.0
0.08812424540519714 | 1 | 1.0
0.11491559445858002 | 1 | 1.0
0.14562785625457764 | 0 | 1.0
Total reward: 10.0
-5.0, 5.0, -5.0, 5.0, -5.0, 5.0, -5.0, 5.0, -5.0, 5.0
parameter ends

state | action | reward
[-0.01] | 1 | 1.0
-0.010014504194259644 | 1 | 1.0
-0.005350316409021616 | 1 | 1.0
0.0032066202256828547 | 1 | 1.0
0.015658238902688026 | 1 | 1.0
0.032008059322834015 | 1 | 1.0
0.052260834723711014 | 1 | 1.0
0.07642202824354172 | 1 | 1.0
0.10449706017971039 | 1 | 1.0
0.13649031519889832 | 1 | 1.0
Total reward: 10.0
-5.0, 5.0, -5.0, 5.0, -5.0, 5.0, -5.0, 5.0, -5.0, 5.0
parameter ends

state | action | reward
[-0.04] | 1 | 1.0
-0.03613762557506561 | 1 | 1.0
-0.03269738703966141 | 1 | 1.0
-0.02535463310778141 | 1 | 1.0
-0.01410792488604784 | 1 | 1.0
0.0010456377640366554 | 1 | 1.0
0.02011003904044628 | 1 | 1.0
0.04308978095650673 | 1 | 1.0
0.06998907774686813 | 1 | 1.0
Total reward: 9.0
-5.0, 5.0, -5.0, 5.0, -5.0, 5.0, -5.0, 5.0, -5.0, 5.0
parameter ends

state | action | reward
[-0.02] | 1 | 1.0
-0.023110730573534966 | 1 | 1.0
-0.019513661041855812 | 1 | 1.0
-0.01200109999626875 | 1 | 1.0
-0.0005718081374652684 | 1 | 1.0
0.014776566065847874 | 1 | 1.0
0.034047022461891174 | 1 | 1.0
0.05724252015352249 | 1 | 1.0
Total reward: 8.0
