-5.0, -5.0, -5.0, -5.0, -5.0, -5.0, -5.0, -5.0, -5.0, -5.0
parameter ends

state | action | reward
[0.05] | 0 | 1.0
0.045851901173591614 | 0 | 1.0
0.04158233851194382 | 0 | 1.0
0.033401280641555786 | 0 | 1.0
0.02130747400224209 | 0 | 1.0
0.005298415664583445 | 0 | 1.0
-0.014629215933382511 | 0 | 1.0
-0.038478922098875046 | 0 | 1.0
-0.06625348329544067 | 0 | 1.0
Total reward: 9.0
-5.0, -5.0, -5.0, -5.0, -5.0, -5.0, -5.0, -5.0, -5.0, -5.0
parameter ends

state | action | reward
[0.01] | 0 | 1.0
0.010078526102006435 | 0 | 1.0
0.005997767206281424 | 0 | 1.0
-0.0019897031597793102 | 0 | 1.0
-0.0138854356482625 | 0 | 1.0
-0.029692303389310837 | 0 | 1.0
-0.04941409453749657 | 0 | 1.0
-0.07305487245321274 | 0 | 1.0
-0.10061810165643692 | 0 | 1.0
Total reward: 9.0
-5.0, -5.0, -5.0, -5.0, -5.0, -5.0, -5.0, -5.0, -5.0, -5.0
parameter ends

state | action | reward
[-0.03] | 0 | 1.0
-0.03156312555074692 | 0 | 1.0
-0.035268135368824005 | 0 | 1.0
-0.04288320988416672 | 0 | 1.0
-0.054409828037023544 | 0 | 1.0
-0.06985069811344147 | 0 | 1.0
-0.08920934796333313 | 0 | 1.0
-0.11248943209648132 | 0 | 1.0
-0.13969382643699646 | 0 | 1.0
Total reward: 9.0
-5.0, -5.0, -5.0, -5.0, -5.0, -5.0, -5.0, -5.0, -5.0, -5.0
parameter ends

state | action | reward
[0.04] | 0 | 1.0
0.040868114680051804 | 0 | 1.0
0.03754298388957977 | 0 | 1.0
0.03032294102013111 | 0 | 1.0
0.019206330180168152 | 0 | 1.0
0.004189920146018267 | 0 | 1.0
-0.01473077293485403 | 0 | 1.0
-0.03756096214056015 | 0 | 1.0
-0.0643058568239212 | 0 | 1.0
-0.09496967494487762 | 0 | 1.0
Total reward: 10.0
-5.0, -5.0, -5.0, -5.0, -5.0, -5.0, -5.0, -5.0, -5.0, -5.0
parameter ends

state | action | reward
[-0.04] | 0 | 1.0
-0.04292936250567436 | 0 | 1.0
-0.04701121523976326 | 0 | 1.0
-0.05498872697353363 | 0 | 1.0
-0.0668635368347168 | 0 | 1.0
-0.08263885229825974 | 0 | 1.0
-0.1023191288113594 | 0 | 1.0
-0.12590950727462769 | 0 | 1.0
-0.15341509878635406 | 0 | 1.0
-0.18483999371528625 | 0 | 1.0
Total reward: 10.0
-5.0, -5.0, -5.0, -5.0, -5.0, -5.0, -5.0, -5.0, -5.0, -5.0
parameter ends

state | action | reward
[0.04] | 0 | 1.0
0.03767652064561844 | 0 | 1.0
0.03335658833384514 | 0 | 1.0
0.025133252143859863 | 0 | 1.0
0.01300481054931879 | 0 | 1.0
-0.0030318223871290684 | 0 | 1.0
-0.022980714216828346 | 0 | 1.0
-0.04684630408883095 | 0 | 1.0
-0.07463254034519196 | 0 | 1.0
Total reward: 9.0
-5.0, -5.0, -5.0, -5.0, -5.0, -5.0, -5.0, -5.0, -5.0, -5.0
parameter ends

state | action | reward
[0.03] | 0 | 1.0
0.02566882036626339 | 0 | 1.0
0.022255096584558487 | 0 | 1.0
0.01494295708835125 | 0 | 1.0
0.003730484750121832 | 0 | 1.0
-0.011385706253349781 | 0 | 1.0
-0.030410083010792732 | 0 | 1.0
-0.05334761366248131 | 0 | 1.0
-0.08020293712615967 | 0 | 1.0
-0.11097927391529083 | 0 | 1.0
Total reward: 10.0
-5.0, -5.0, -5.0, -5.0, -5.0, -5.0, -5.0, -5.0, -5.0, -5.0
parameter ends

state | action | reward
[-0.04] | 0 | 1.0
-0.035118721425533295 | 0 | 1.0
-0.03888406977057457 | 0 | 1.0
-0.04655527323484421 | 0 | 1.0
-0.058133725076913834 | 0 | 1.0
-0.0736221969127655 | 0 | 1.0
-0.09302443265914917 | 0 | 1.0
-0.11634460836648941 | 0 | 1.0
-0.1435864269733429 | 0 | 1.0
Total reward: 9.0
-5.0, -5.0, -5.0, -5.0, -5.0, -5.0, -5.0, -5.0, -5.0, -5.0
parameter ends

state | action | reward
[-0.04] | 0 | 1.0
-0.03793025016784668 | 0 | 1.0
-0.04276658594608307 | 0 | 1.0
-0.05151892453432083 | 0 | 1.0
-0.06418861448764801 | 0 | 1.0
-0.08077806234359741 | 0 | 1.0
-0.1012902483344078 | 0 | 1.0
-0.12572801113128662 | 0 | 1.0
Total reward: 8.0
-5.0, -5.0, -5.0, -5.0, -5.0, -5.0, -5.0, -5.0, -5.0, -5.0
parameter ends

state | action | reward
[-0.04] | 0 | 1.0
-0.035220447927713394 | 0 | 1.0
-0.03849828988313675 | 0 | 1.0
-0.04567766562104225 | 0 | 1.0
-0.05676008760929108 | 0 | 1.0
-0.0717485249042511 | 0 | 1.0
-0.09064707159996033 | 0 | 1.0
-0.11346030980348587 | 0 | 1.0
-0.14019259810447693 | 0 | 1.0
-0.17084690928459167 | 0 | 1.0
Total reward: 10.0
-5.0, -5.0, -5.0, -5.0, -5.0, -5.0, -5.0, -5.0, -5.0, -5.0
parameter ends

state | action | reward
[-0.01] | 0 | 1.0
-0.00715964799746871 | 0 | 1.0
-0.010246788151562214 | 0 | 1.0
-0.01723616011440754 | 0 | 1.0
-0.028129663318395615 | 0 | 1.0
-0.042930569499731064 | 0 | 1.0
-0.061643119901418686 | 0 | 1.0
-0.0842718854546547 | 0 | 1.0
-0.11082090437412262 | 0 | 1.0
Total reward: 9.0
-5.0, -5.0, -5.0, -5.0, -5.0, -5.0, -5.0, -5.0, -5.0, -5.0
parameter ends

state | action | reward
[0.03] | 0 | 1.0
0.029910244047641754 | 0 | 1.0
0.026912299916148186 | 0 | 1.0
0.02002224326133728 | 0 | 1.0
0.009238493628799915 | 0 | 1.0
-0.0054421694949269295 | 0 | 1.0
-0.024024302139878273 | 0 | 1.0
-0.046513304114341736 | 0 | 1.0
-0.0729147419333458 | 0 | 1.0
-0.10323338210582733 | 0 | 1.0
Total reward: 10.0
-5.0, -5.0, -5.0, -5.0, -5.0, -5.0, -5.0, -5.0, -5.0, -5.0
parameter ends

state | action | reward
[-0.01] | 0 | 1.0
-0.013519189320504665 | 0 | 1.0
-0.01668117381632328 | 0 | 1.0
-0.023736940696835518 | 0 | 1.0
-0.03468837961554527 | 0 | 1.0
-0.049538951367139816 | 0 | 1.0
-0.06829332560300827 | 0 | 1.0
-0.09095688164234161 | 0 | 1.0
-0.11753492057323456 | 0 | 1.0
-0.14803165197372437 | 0 | 1.0
Total reward: 10.0
-5.0, -5.0, -5.0, -5.0, -5.0, -5.0, -5.0, -5.0, -5.0, -5.0
parameter ends

state | action | reward
[0.04] | 0 | 1.0
0.03949199616909027 | 0 | 1.0
0.03547956421971321 | 0 | 1.0
0.02756420709192753 | 0 | 1.0
0.015744546428322792 | 0 | 1.0
1.7748840036801994e-05 | 0 | 1.0
-0.019620107486844063 | 0 | 1.0
-0.04317348077893257 | 0 | 1.0
-0.07064654678106308 | 0 | 1.0
Total reward: 9.0
-5.0, -5.0, -5.0, -5.0, -5.0, -5.0, -5.0, -5.0, -5.0, -5.0
parameter ends

state | action | reward
[0.04] | 0 | 1.0
0.04158074036240578 | 0 | 1.0
0.037524446845054626 | 0 | 1.0
0.029577096924185753 | 0 | 1.0
0.01773657463490963 | 0 | 1.0
0.001999165862798691 | 0 | 1.0
-0.017640070989727974 | 0 | 1.0
-0.04118678718805313 | 0 | 1.0
-0.06864657998085022 | 0 | 1.0
-0.10002400726079941 | 0 | 1.0
Total reward: 10.0
-5.0, -5.0, -5.0, -5.0, -5.0, -5.0, -5.0, -5.0, -5.0, -5.0
parameter ends

state | action | reward
[0.04] | 0 | 1.0
0.037099260836839676 | 0 | 1.0
0.03354684263467789 | 0 | 1.0
0.026089729741215706 | 0 | 1.0
0.014726463705301285 | 0 | 1.0
-0.0005458211526274681 | 0 | 1.0
-0.01973099447786808 | 0 | 1.0
-0.042833343148231506 | 0 | 1.0
-0.06985672563314438 | 0 | 1.0
Total reward: 9.0
-5.0, -5.0, -5.0, -5.0, -5.0, -5.0, -5.0, -5.0, -5.0, -5.0
parameter ends

state | action | reward
[-0.02] | 0 | 1.0
-0.02196010947227478 | 0 | 1.0
-0.02568248100578785 | 0 | 1.0
-0.03331269696354866 | 0 | 1.0
-0.04485240951180458 | 0 | 1.0
-0.060304541140794754 | 0 | 1.0
-0.07967284321784973 | 0 | 1.0
-0.10296124219894409 | 0 | 1.0
-0.13017290830612183 | 0 | 1.0
Total reward: 9.0
-5.0, -5.0, -5.0, -5.0, -5.0, -5.0, -5.0, -5.0, -5.0, -5.0
parameter ends

state | action | reward
[0.03] | 0 | 1.0
0.027343234047293663 | 0 | 1.0
0.023872533813118935 | 0 | 1.0
0.016508717089891434 | 0 | 1.0
0.005250126589089632 | 0 | 1.0
-0.009906508028507233 | 0 | 1.0
-0.028965750709176064 | 0 | 1.0
-0.05193295329809189 | 0 | 1.0
-0.07881355285644531 | 0 | 1.0
-0.10961207747459412 | 0 | 1.0
Total reward: 10.0
-5.0, -5.0, -5.0, -5.0, -5.0, -5.0, -5.0, -5.0, -5.0, -5.0
parameter ends

state | action | reward
[-0.04] | 0 | 1.0
-0.03490867465734482 | 0 | 1.0
-0.0379386767745018 | 0 | 1.0
-0.04487631097435951 | 0 | 1.0
-0.055723030120134354 | 0 | 1.0
-0.07048161327838898 | 0 | 1.0
-0.08915575593709946 | 0 | 1.0
-0.11174940317869186 | 0 | 1.0
-0.138265922665596 | 0 | 1.0
Total reward: 9.0
-5.0, -5.0, -5.0, -5.0, -5.0, -5.0, -5.0, -5.0, -5.0, -5.0
parameter ends

state | action | reward
[0.] | 0 | 1.0
0.001207865308970213 | 0 | 1.0
-0.0018620388582348824 | 0 | 1.0
-0.008846978656947613 | 0 | 1.0
-0.01974816992878914 | 0 | 1.0
-0.03456796333193779 | 0 | 1.0
-0.05330939218401909 | 0 | 1.0
-0.07597548514604568 | 0 | 1.0
Total reward: 8.0
