5.7, 5.7, 5.7, 5.7, 5.7, 5.7, 5.7, 5.7, 5.7, 5.7
parameter ends

state | action | reward
[0.] | 0 | 1.0
0.002102551981806755 | 0 | 1.0
-0.0021545658819377422 | 0 | 1.0
-0.010321257635951042 | 0 | 1.0
-0.02239874377846718 | 0 | 1.0
-0.038389548659324646 | 0 | 1.0
-0.058297112584114075 | 0 | 1.0
-0.08212517201900482 | 0 | 1.0
-0.10987690091133118 | 0 | 1.0
Total reward: 9.0
5.7, 5.7, 5.7, 5.7, 5.7, 5.7, 5.7, 5.7, 5.7, 5.7
parameter ends

state | action | reward
[0.05] | 0 | 1.0
0.04532086104154587 | 0 | 1.0
0.04043802618980408 | 0 | 1.0
0.03166612982749939 | 0 | 1.0
0.019003072753548622 | 0 | 1.0
0.002445134101435542 | 0 | 1.0
-0.018012700602412224 | 0 | 1.0
-0.04237622395157814 | 0 | 1.0
-0.07065128535032272 | 0 | 1.0
-0.10284281522035599 | 0 | 1.0
Total reward: 10.0
5.7, 5.7, 5.7, 5.7, 5.7, 5.7, 5.7, 5.7, 5.7, 5.7
parameter ends

state | action | reward
[0.02] | 0 | 1.0
0.014449759386479855 | 0 | 1.0
0.009669027291238308 | 0 | 1.0
0.0009998648893088102 | 0 | 1.0
-0.011559761129319668 | 0 | 1.0
-0.028013529255986214 | 0 | 1.0
-0.04836643487215042 | 0 | 1.0
-0.07262430340051651 | 0 | 1.0
-0.10079305619001389 | 0 | 1.0
-0.13287778198719025 | 0 | 1.0
Total reward: 10.0
5.7, 5.7, 5.7, 5.7, 5.7, 5.7, 5.7, 5.7, 5.7, 5.7
parameter ends

state | action | reward
[-0.03] | 0 | 1.0
-0.031852640211582184 | 0 | 1.0
-0.03519155830144882 | 0 | 1.0
-0.04243922978639603 | 0 | 1.0
-0.05359729379415512 | 0 | 1.0
-0.06866864114999771 | 0 | 1.0
-0.08765695989131927 | 0 | 1.0
-0.11056604981422424 | 0 | 1.0
-0.13739891350269318 | 0 | 1.0
Total reward: 9.0
5.7, 5.7, 5.7, 5.7, 5.7, 5.7, 5.7, 5.7, 5.7, 5.7
parameter ends

state | action | reward
[0.04] | 0 | 1.0
0.042625851929187775 | 0 | 1.0
0.03823714703321457 | 0 | 1.0
0.02994968742132187 | 0 | 1.0
0.01776159554719925 | 0 | 1.0
0.0016695368103682995 | 0 | 1.0
-0.01833091489970684 | 0 | 1.0
-0.04224468395113945 | 0 | 1.0
-0.07007638365030289 | 0 | 1.0
-0.10182920098304749 | 0 | 1.0
Total reward: 10.0
5.7, 5.7, 5.7, 5.7, 5.7, 5.7, 5.7, 5.7, 5.7, 5.7
parameter ends

state | action | reward
[-0.05] | 0 | 1.0
-0.04838770627975464 | 0 | 1.0
-0.05140867084264755 | 0 | 1.0
-0.05834215134382248 | 0 | 1.0
-0.0691893994808197 | 0 | 1.0
-0.0839528739452362 | 0 | 1.0
-0.10263582319021225 | 0 | 1.0
-0.12524162232875824 | 0 | 1.0
-0.15177282691001892 | 0 | 1.0
Total reward: 9.0
5.7, 5.7, 5.7, 5.7, 5.7, 5.7, 5.7, 5.7, 5.7, 5.7
parameter ends

state | action | reward
[-0.04] | 0 | 1.0
-0.03864476829767227 | 0 | 1.0
-0.04179708659648895 | 0 | 1.0
-0.04884762689471245 | 0 | 1.0
-0.05979815497994423 | 0 | 1.0
-0.07465191930532455 | 0 | 1.0
-0.09341331571340561 | 0 | 1.0
-0.11608728766441345 | 0 | 1.0
-0.14267857372760773 | 0 | 1.0
-0.1731906235218048 | 0 | 1.0
Total reward: 10.0
5.7, 5.7, 5.7, 5.7, 5.7, 5.7, 5.7, 5.7, 5.7, 5.7
parameter ends

state | action | reward
[-0.02] | 0 | 1.0
-0.016270112246274948 | 0 | 1.0
-0.01945270597934723 | 0 | 1.0
-0.02654886059463024 | 0 | 1.0
-0.037559960037469864 | 0 | 1.0
-0.0524885319173336 | 0 | 1.0
-0.07133778929710388 | 0 | 1.0
-0.09411093592643738 | 0 | 1.0
Total reward: 8.0
5.7, 5.7, 5.7, 5.7, 5.7, 5.7, 5.7, 5.7, 5.7, 5.7
parameter ends

state | action | reward
[0.01] | 0 | 1.0
0.008418911136686802 | 0 | 1.0
0.005469429772347212 | 0 | 1.0
-0.0013925189850851893 | 0 | 1.0
-0.01216816809028387 | 0 | 1.0
-0.026859967038035393 | 0 | 1.0
-0.045471157878637314 | 0 | 1.0
-0.06800512224435806 | 0 | 1.0
-0.09446445107460022 | 0 | 1.0
Total reward: 9.0
5.7, 5.7, 5.7, 5.7, 5.7, 5.7, 5.7, 5.7, 5.7, 5.7
parameter ends

state | action | reward
[0.02] | 0 | 1.0
0.0204122606664896 | 0 | 1.0
0.015881162136793137 | 0 | 1.0
0.007441333029419184 | 0 | 1.0
-0.004908922594040632 | 0 | 1.0
-0.02117253467440605 | 0 | 1.0
-0.04135320708155632 | 0 | 1.0
-0.06545474380254745 | 0 | 1.0
-0.09348011016845703 | 0 | 1.0
Total reward: 9.0
5.7, 5.7, 5.7, 5.7, 5.7, 5.7, 5.7, 5.7, 5.7, 5.7
parameter ends

state | action | reward
[-0.] | 0 | 1.0
-0.004445758182555437 | 0 | 1.0
-0.00865489523857832 | 0 | 1.0
-0.016757195815443993 | 0 | 1.0
-0.028754325583577156 | 0 | 1.0
-0.04464956000447273 | 0 | 1.0
-0.06444747000932693 | 0 | 1.0
-0.0881533995270729 | 0 | 1.0
-0.1157727763056755 | 0 | 1.0
-0.14731012284755707 | 0 | 1.0
Total reward: 10.0
5.7, 5.7, 5.7, 5.7, 5.7, 5.7, 5.7, 5.7, 5.7, 5.7
parameter ends

state | action | reward
[0.04] | 0 | 1.0
0.03913062438368797 | 0 | 1.0
0.035606853663921356 | 0 | 1.0
0.028170164674520493 | 0 | 1.0
0.016819141805171967 | 0 | 1.0
0.001551209599711001 | 0 | 1.0
-0.01763691008090973 | 0 | 1.0
-0.04074849560856819 | 0 | 1.0
Total reward: 8.0
5.7, 5.7, 5.7, 5.7, 5.7, 5.7, 5.7, 5.7, 5.7, 5.7
parameter ends

state | action | reward
[-0.02] | 0 | 1.0
-0.02074628509581089 | 0 | 1.0
-0.024197937920689583 | 0 | 1.0
-0.0315580889582634 | 0 | 1.0
-0.04282807558774948 | 0 | 1.0
-0.058010559529066086 | 0 | 1.0
-0.07710910588502884 | 0 | 1.0
-0.10012757778167725 | 0 | 1.0
-0.12706926465034485 | 0 | 1.0
Total reward: 9.0
5.7, 5.7, 5.7, 5.7, 5.7, 5.7, 5.7, 5.7, 5.7, 5.7
parameter ends

state | action | reward
[0.01] | 0 | 1.0
0.01286757830530405 | 0 | 1.0
0.008722563274204731 | 0 | 1.0
0.0006849751225672662 | 0 | 1.0
-0.01124688982963562 | 0 | 1.0
-0.027076356112957 | 0 | 1.0
-0.04680803790688515 | 0 | 1.0
-0.07044734805822372 | 0 | 1.0
-0.09799976646900177 | 0 | 1.0
-0.12946990132331848 | 0 | 1.0
Total reward: 10.0
5.7, 5.7, 5.7, 5.7, 5.7, 5.7, 5.7, 5.7, 5.7, 5.7
parameter ends

state | action | reward
[-0.03] | 0 | 1.0
-0.029575830325484276 | 0 | 1.0
-0.03429858013987541 | 0 | 1.0
-0.04292507469654083 | 0 | 1.0
-0.05545703321695328 | 0 | 1.0
-0.07189754396677017 | 0 | 1.0
-0.09225066751241684 | 0 | 1.0
-0.11652080714702606 | 0 | 1.0
-0.14471183717250824 | 0 | 1.0
Total reward: 9.0
5.7, 5.7, 5.7, 5.7, 5.7, 5.7, 5.7, 5.7, 5.7, 5.7
parameter ends

state | action | reward
[0.] | 0 | 1.0
0.003267846070230007 | 0 | 1.0
-0.0006968366797082126 | 0 | 1.0
-0.008552256040275097 | 0 | 1.0
-0.0203001219779253 | 0 | 1.0
-0.03594379499554634 | 0 | 1.0
-0.05548796057701111 | 0 | 1.0
-0.07893817126750946 | 0 | 1.0
-0.10630013048648834 | 0 | 1.0
-0.13757874071598053 | 0 | 1.0
Total reward: 10.0
5.7, 5.7, 5.7, 5.7, 5.7, 5.7, 5.7, 5.7, 5.7, 5.7
parameter ends

state | action | reward
[0.01] | 0 | 1.0
0.00876079872250557 | 0 | 1.0
0.005679267458617687 | 0 | 1.0
-0.0012920672306790948 | 0 | 1.0
-0.012155012227594852 | 0 | 1.0
-0.026913026347756386 | 0 | 1.0
-0.04557090625166893 | 0 | 1.0
-0.06813429296016693 | 0 | 1.0
-0.09460898488759995 | 0 | 1.0
-0.125 | 0 | 1.0
Total reward: 10.0
5.7, 5.7, 5.7, 5.7, 5.7, 5.7, 5.7, 5.7, 5.7, 5.7
parameter ends

state | action | reward
[-0.05] | 0 | 1.0
-0.05002463981509209 | 0 | 1.0
-0.05414608120918274 | 0 | 1.0
-0.062180787324905396 | 0 | 1.0
-0.07413023710250854 | 0 | 1.0
-0.0899970531463623 | 0 | 1.0
-0.10978450626134872 | 0 | 1.0
-0.13349579274654388 | 0 | 1.0
Total reward: 8.0
5.7, 5.7, 5.7, 5.7, 5.7, 5.7, 5.7, 5.7, 5.7, 5.7
parameter ends

state | action | reward
[-0.04] | 0 | 1.0
-0.04069371148943901 | 0 | 1.0
-0.04543869197368622 | 0 | 1.0
-0.054075803607702255 | 0 | 1.0
-0.06660710275173187 | 0 | 1.0
-0.08303622156381607 | 0 | 1.0
-0.10336800664663315 | 0 | 1.0
-0.12760800123214722 | 0 | 1.0
-0.1557616889476776 | 0 | 1.0
-0.18783347308635712 | 0 | 1.0
Total reward: 10.0
5.7, 5.7, 5.7, 5.7, 5.7, 5.7, 5.7, 5.7, 5.7, 5.7
parameter ends

state | action | reward
[0.04] | 0 | 1.0
0.042038265615701675 | 0 | 1.0
0.03754091635346413 | 0 | 1.0
0.029149232432246208 | 0 | 1.0
0.016861572861671448 | 0 | 1.0
0.0006746879662387073 | 0 | 1.0
-0.019415926188230515 | 0 | 1.0
-0.043415527790784836 | 0 | 1.0
-0.07132940739393234 | 0 | 1.0
-0.10316187143325806 | 0 | 1.0
Total reward: 10.0
