5.3, 5.3, 5.3, 5.3, 5.3, 5.3, 5.3, 5.3, 5.3, 5.3
parameter ends

state | action | reward
[0.04] | 0 | 1.0
0.03897057846188545 | 0 | 1.0
0.035086989402770996 | 0 | 1.0
0.0272955484688282 | 0 | 1.0
0.015594630502164364 | 0 | 1.0
-1.8657443433767185e-05 | 0 | 1.0
-0.019548052921891212 | 0 | 1.0
-0.04299748316407204 | 0 | 1.0
-0.0703701376914978 | 0 | 1.0
Total reward: 9.0
5.3, 5.3, 5.3, 5.3, 5.3, 5.3, 5.3, 5.3, 5.3, 5.3
parameter ends

state | action | reward
[-0.01] | 0 | 1.0
-0.008063479326665401 | 0 | 1.0
-0.012965921312570572 | 0 | 1.0
-0.021777145564556122 | 0 | 1.0
-0.034498780965805054 | 0 | 1.0
-0.051133692264556885 | 0 | 1.0
-0.0716855600476265 | 0 | 1.0
-0.09615819156169891 | 0 | 1.0
-0.1245545968413353 | 0 | 1.0
Total reward: 9.0
5.3, 5.3, 5.3, 5.3, 5.3, 5.3, 5.3, 5.3, 5.3, 5.3
parameter ends

state | action | reward
[0.05] | 0 | 1.0
0.0500897653400898 | 0 | 1.0
0.04658036679029465 | 0 | 1.0
0.03916557505726814 | 0 | 1.0
0.027843663468956947 | 0 | 1.0
0.0126115707680583 | 0 | 1.0
-0.00653466023504734 | 0 | 1.0
-0.029599245637655258 | 0 | 1.0
-0.05658576264977455 | 0 | 1.0
Total reward: 9.0
5.3, 5.3, 5.3, 5.3, 5.3, 5.3, 5.3, 5.3, 5.3, 5.3
parameter ends

state | action | reward
[0.01] | 0 | 1.0
0.009841433726251125 | 0 | 1.0
0.0061662993393838406 | 0 | 1.0
-0.0014120665146037936 | 0 | 1.0
-0.012895234860479832 | 0 | 1.0
-0.028286190703511238 | 0 | 1.0
-0.04758894443511963 | 0 | 1.0
-0.07080794125795364 | 0 | 1.0
-0.09794723242521286 | 0 | 1.0
Total reward: 9.0
5.3, 5.3, 5.3, 5.3, 5.3, 5.3, 5.3, 5.3, 5.3, 5.3
parameter ends

state | action | reward
[-0.02] | 0 | 1.0
-0.02329297550022602 | 0 | 1.0
-0.027418559417128563 | 0 | 1.0
-0.03545084595680237 | 0 | 1.0
-0.04739160090684891 | 0 | 1.0
-0.06324388086795807 | 0 | 1.0
-0.08301157504320145 | 0 | 1.0
-0.10669872909784317 | 0 | 1.0
-0.13430865108966827 | 0 | 1.0
Total reward: 9.0
5.3, 5.3, 5.3, 5.3, 5.3, 5.3, 5.3, 5.3, 5.3, 5.3
parameter ends

state | action | reward
[-0.03] | 0 | 1.0
-0.028651921078562737 | 0 | 1.0
-0.03251812607049942 | 0 | 1.0
-0.04028930515050888 | 0 | 1.0
-0.05196714028716087 | 0 | 1.0
-0.06755465269088745 | 0 | 1.0
-0.08705580234527588 | 0 | 1.0
-0.11047486215829849 | 0 | 1.0
-0.13781550526618958 | 0 | 1.0
Total reward: 9.0
5.3, 5.3, 5.3, 5.3, 5.3, 5.3, 5.3, 5.3, 5.3, 5.3
parameter ends

state | action | reward
[0.05] | 0 | 1.0
0.04517551138997078 | 0 | 1.0
0.04136630892753601 | 0 | 1.0
0.033650510013103485 | 0 | 1.0
0.022026507183909416 | 0 | 1.0
0.006491381209343672 | 0 | 1.0
-0.012958684004843235 | 0 | 1.0
-0.03632776811718941 | 0 | 1.0
-0.06361931562423706 | 0 | 1.0
Total reward: 9.0
5.3, 5.3, 5.3, 5.3, 5.3, 5.3, 5.3, 5.3, 5.3, 5.3
parameter ends

state | action | reward
[0.01] | 0 | 1.0
0.006832970771938562 | 0 | 1.0
0.0038995242211967707 | 0 | 1.0
-0.0029401942156255245 | 0 | 1.0
-0.013687693513929844 | 0 | 1.0
-0.028345828875899315 | 0 | 1.0
-0.046918392181396484 | 0 | 1.0
-0.06940950453281403 | 0 | 1.0
-0.09582272171974182 | 0 | 1.0
Total reward: 9.0
5.3, 5.3, 5.3, 5.3, 5.3, 5.3, 5.3, 5.3, 5.3, 5.3
parameter ends

state | action | reward
[0.02] | 0 | 1.0
0.02051548846065998 | 0 | 1.0
0.015831531956791878 | 0 | 1.0
0.007253748830407858 | 0 | 1.0
-0.00521948141977191 | 0 | 1.0
-0.021591385826468468 | 0 | 1.0
-0.0418664775788784 | 0 | 1.0
-0.06605004519224167 | 0 | 1.0
-0.09414743632078171 | 0 | 1.0
-0.12616309523582458 | 0 | 1.0
Total reward: 10.0
5.3, 5.3, 5.3, 5.3, 5.3, 5.3, 5.3, 5.3, 5.3, 5.3
parameter ends

state | action | reward
[-0.03] | 0 | 1.0
-0.031754497438669205 | 0 | 1.0
-0.036409348249435425 | 0 | 1.0
-0.04496504366397858 | 0 | 1.0
-0.0574234239757061 | 0 | 1.0
-0.07378775626420975 | 0 | 1.0
-0.09406233578920364 | 0 | 1.0
-0.11825187504291534 | 0 | 1.0
-0.14636066555976868 | 0 | 1.0
Total reward: 9.0
5.3, 5.3, 5.3, 5.3, 5.3, 5.3, 5.3, 5.3, 5.3, 5.3
parameter ends

state | action | reward
[-0.03] | 0 | 1.0
-0.025531994178891182 | 0 | 1.0
-0.02853243425488472 | 0 | 1.0
-0.03543635830283165 | 0 | 1.0
-0.046245135366916656 | 0 | 1.0
-0.06096158176660538 | 0 | 1.0
-0.07958958297967911 | 0 | 1.0
-0.10213353484869003 | 0 | 1.0
-0.12859754264354706 | 0 | 1.0
Total reward: 9.0
5.3, 5.3, 5.3, 5.3, 5.3, 5.3, 5.3, 5.3, 5.3, 5.3
parameter ends

state | action | reward
[0.01] | 0 | 1.0
0.014196355827152729 | 0 | 1.0
0.00993336085230112 | 0 | 1.0
0.0017761404160410166 | 0 | 1.0
-0.010276848450303078 | 0 | 1.0
-0.026228759437799454 | 0 | 1.0
-0.04608403518795967 | 0 | 1.0
-0.06984791159629822 | 0 | 1.0
-0.0975257009267807 | 0 | 1.0
-0.1291218400001526 | 0 | 1.0
Total reward: 10.0
5.3, 5.3, 5.3, 5.3, 5.3, 5.3, 5.3, 5.3, 5.3, 5.3
parameter ends

state | action | reward
[0.01] | 0 | 1.0
0.007748001255095005 | 0 | 1.0
0.0029538883827626705 | 0 | 1.0
-0.005733950529247522 | 0 | 1.0
-0.01831754483282566 | 0 | 1.0
-0.03480046987533569 | 0 | 1.0
-0.05518749728798866 | 0 | 1.0
-0.07948402315378189 | 0 | 1.0
-0.10769534111022949 | 0 | 1.0
-0.13982553780078888 | 0 | 1.0
Total reward: 10.0
5.3, 5.3, 5.3, 5.3, 5.3, 5.3, 5.3, 5.3, 5.3, 5.3
parameter ends

state | action | reward
[-0.] | 0 | 1.0
-0.0026458806823939085 | 0 | 1.0
-0.006391746457666159 | 0 | 1.0
-0.014048873446881771 | 0 | 1.0
-0.02561851404607296 | 0 | 1.0
-0.04110317304730415 | 0 | 1.0
-0.0605061911046505 | 0 | 1.0
-0.08383110165596008 | 0 | 1.0
-0.11108072102069855 | 0 | 1.0
Total reward: 9.0
5.3, 5.3, 5.3, 5.3, 5.3, 5.3, 5.3, 5.3, 5.3, 5.3
parameter ends

state | action | reward
[0.03] | 0 | 1.0
0.030003394931554794 | 0 | 1.0
0.025992294773459435 | 0 | 1.0
0.018093084916472435 | 0 | 1.0
0.006304128561168909 | 0 | 1.0
-0.009377907030284405 | 0 | 1.0
-0.028957761824131012 | 0 | 1.0
-0.052441127598285675 | 0 | 1.0
-0.0798339992761612 | 0 | 1.0
-0.11114177107810974 | 0 | 1.0
-0.14636804163455963 | 0 | 1.0
Total reward: 11.0
5.3, 5.3, 5.3, 5.3, 5.3, 5.3, 5.3, 5.3, 5.3, 5.3
parameter ends

state | action | reward
[-0.04] | 0 | 1.0
-0.03710474073886871 | 0 | 1.0
-0.04079552739858627 | 0 | 1.0
-0.04840129241347313 | 0 | 1.0
-0.059923361986875534 | 0 | 1.0
-0.07536416500806808 | 0 | 1.0
-0.09472677856683731 | 0 | 1.0
-0.11801420152187347 | 0 | 1.0
Total reward: 8.0
5.3, 5.3, 5.3, 5.3, 5.3, 5.3, 5.3, 5.3, 5.3, 5.3
parameter ends

state | action | reward
[-0.02] | 0 | 1.0
-0.019561516121029854 | 0 | 1.0
-0.023184755817055702 | 0 | 1.0
-0.03071833960711956 | 0 | 1.0
-0.042163725942373276 | 0 | 1.0
-0.05752360820770264 | 0 | 1.0
-0.07680147886276245 | 0 | 1.0
-0.10000096261501312 | 0 | 1.0
-0.12712489068508148 | 0 | 1.0
Total reward: 9.0
5.3, 5.3, 5.3, 5.3, 5.3, 5.3, 5.3, 5.3, 5.3, 5.3
parameter ends

state | action | reward
[-0.] | 0 | 1.0
-0.0025227817241102457 | 0 | 1.0
-0.006303316447883844 | 0 | 1.0
-0.013984321616590023 | 0 | 1.0
-0.025567544624209404 | 0 | 1.0
-0.041056182235479355 | 0 | 1.0
-0.06045449525117874 | 0 | 1.0
-0.08376722782850266 | 0 | 1.0
-0.11099877953529358 | 0 | 1.0
-0.1421521008014679 | 0 | 1.0
Total reward: 10.0
5.3, 5.3, 5.3, 5.3, 5.3, 5.3, 5.3, 5.3, 5.3, 5.3
parameter ends

state | action | reward
[0.05] | 0 | 1.0
0.04454552009701729 | 0 | 1.0
0.03979109972715378 | 0 | 1.0
0.03114628978073597 | 0 | 1.0
0.01860920526087284 | 0 | 1.0
0.0021763246040791273 | 0 | 1.0
-0.018157176673412323 | 0 | 1.0
-0.04239692911505699 | 0 | 1.0
-0.0705486536026001 | 0 | 1.0
-0.10261719673871994 | 0 | 1.0
Total reward: 10.0
5.3, 5.3, 5.3, 5.3, 5.3, 5.3, 5.3, 5.3, 5.3, 5.3
parameter ends

state | action | reward
[0.01] | 0 | 1.0
0.009182053618133068 | 0 | 1.0
0.004540660884231329 | 0 | 1.0
-0.0040067024528980255 | 0 | 1.0
-0.01646140031516552 | 0 | 1.0
-0.03282617777585983 | 0 | 1.0
-0.05310477688908577 | 0 | 1.0
-0.07730133831501007 | 0 | 1.0
-0.1054195687174797 | 0 | 1.0
Total reward: 9.0
