5.0, 5.0, 5.0, 5.0, 5.0, 5.0, 5.0, 5.0, 5.0, 5.0
parameter ends

state | action | reward
[0.04] | 0 | 1.0
0.04154673591256142 | 0 | 1.0
0.03669440373778343 | 0 | 1.0
0.027948908507823944 | 0 | 1.0
0.015308212488889694 | 0 | 1.0
-0.001231272704899311 | 0 | 1.0
-0.021674340590834618 | 0 | 1.0
-0.04602644592523575 | 0 | 1.0
-0.07429293543100357 | 0 | 1.0
-0.10647802799940109 | 0 | 1.0
Total reward: 10.0
5.0, 5.0, 5.0, 5.0, 5.0, 5.0, 5.0, 5.0, 5.0, 5.0
parameter ends

state | action | reward
[0.03] | 0 | 1.0
0.03167658671736717 | 0 | 1.0
0.027158353477716446 | 0 | 1.0
0.018728680908679962 | 0 | 1.0
0.006386158522218466 | 0 | 1.0
-0.009871836751699448 | 0 | 1.0
-0.03004869632422924 | 0 | 1.0
-0.054147906601428986 | 0 | 1.0
-0.08217211812734604 | 0 | 1.0
Total reward: 9.0
5.0, 5.0, 5.0, 5.0, 5.0, 5.0, 5.0, 5.0, 5.0, 5.0
parameter ends

state | action | reward
[-0.01] | 0 | 1.0
-0.008031722158193588 | 0 | 1.0
-0.010961114428937435 | 0 | 1.0
-0.01779147796332836 | 0 | 1.0
-0.028524380177259445 | 0 | 1.0
-0.043162863701581955 | 0 | 1.0
-0.06171106547117233 | 0 | 1.0
-0.08417364954948425 | 0 | 1.0
-0.1105550229549408 | 0 | 1.0
-0.1408582329750061 | 0 | 1.0
Total reward: 10.0
5.0, 5.0, 5.0, 5.0, 5.0, 5.0, 5.0, 5.0, 5.0, 5.0
parameter ends

state | action | reward
[0.04] | 0 | 1.0
0.03807768598198891 | 0 | 1.0
0.03438854590058327 | 0 | 1.0
0.026794860139489174 | 0 | 1.0
0.015294886194169521 | 0 | 1.0
-0.00011446250573499128 | 0 | 1.0
-0.01943720132112503 | 0 | 1.0
-0.04267764091491699 | 0 | 1.0
-0.06983950734138489 | 0 | 1.0
Total reward: 9.0
5.0, 5.0, 5.0, 5.0, 5.0, 5.0, 5.0, 5.0, 5.0, 5.0
parameter ends

state | action | reward
[-0.02] | 0 | 1.0
-0.01527018565684557 | 0 | 1.0
-0.018957553431391716 | 0 | 1.0
-0.02656085230410099 | 0 | 1.0
-0.03808138519525528 | 0 | 1.0
-0.0535215362906456 | 0 | 1.0
-0.07288428395986557 | 0 | 1.0
-0.09617248922586441 | 0 | 1.0
Total reward: 8.0
5.0, 5.0, 5.0, 5.0, 5.0, 5.0, 5.0, 5.0, 5.0, 5.0
parameter ends

state | action | reward
[-0.04] | 0 | 1.0
-0.03581405431032181 | 0 | 1.0
-0.03903283178806305 | 0 | 1.0
-0.046145543456077576 | 0 | 1.0
-0.057154081761837006 | 0 | 1.0
-0.07206191122531891 | 0 | 1.0
-0.09087370336055756 | 0 | 1.0
-0.11359481513500214 | 0 | 1.0
-0.14023053646087646 | 0 | 1.0
-0.170785054564476 | 0 | 1.0
Total reward: 10.0
5.0, 5.0, 5.0, 5.0, 5.0, 5.0, 5.0, 5.0, 5.0, 5.0
parameter ends

state | action | reward
[-0.04] | 0 | 1.0
-0.03785717487335205 | 0 | 1.0
-0.04194088652729988 | 0 | 1.0
-0.0499139279127121 | 0 | 1.0
-0.061777930706739426 | 0 | 1.0
-0.0775362029671669 | 0 | 1.0
-0.09719344228506088 | 0 | 1.0
-0.12075526267290115 | 0 | 1.0
-0.1482275277376175 | 0 | 1.0
-0.17961543798446655 | 0 | 1.0
-0.21492232382297516 | 0 | 1.0
Total reward: 11.0
5.0, 5.0, 5.0, 5.0, 5.0, 5.0, 5.0, 5.0, 5.0, 5.0
parameter ends

state | action | reward
[-0.01] | 0 | 1.0
-0.006969342473894358 | 0 | 1.0
-0.010105368681252003 | 0 | 1.0
-0.01713181659579277 | 0 | 1.0
-0.028050726279616356 | 0 | 1.0
-0.04286574199795723 | 0 | 1.0
-0.06158178672194481 | 0 | 1.0
-0.0842045322060585 | 0 | 1.0
-0.11073967069387436 | 0 | 1.0
-0.14119194447994232 | 0 | 1.0
Total reward: 10.0
5.0, 5.0, 5.0, 5.0, 5.0, 5.0, 5.0, 5.0, 5.0, 5.0
parameter ends

state | action | reward
[-0.05] | 0 | 1.0
-0.04819607734680176 | 0 | 1.0
-0.05243660509586334 | 0 | 1.0
-0.06059033051133156 | 0 | 1.0
-0.07265844941139221 | 0 | 1.0
-0.08864334970712662 | 0 | 1.0
-0.10854820162057877 | 0 | 1.0
-0.1323762983083725 | 0 | 1.0
-0.16013012826442719 | 0 | 1.0
Total reward: 9.0
5.0, 5.0, 5.0, 5.0, 5.0, 5.0, 5.0, 5.0, 5.0, 5.0
parameter ends

state | action | reward
[0.03] | 0 | 1.0
0.02777879312634468 | 0 | 1.0
0.022880693897604942 | 0 | 1.0
0.014076423831284046 | 0 | 1.0
0.001364352647215128 | 0 | 1.0
-0.01525847613811493 | 0 | 1.0
-0.035795923322439194 | 0 | 1.0
-0.0602521114051342 | 0 | 1.0
-0.0886305496096611 | 0 | 1.0
Total reward: 9.0
5.0, 5.0, 5.0, 5.0, 5.0, 5.0, 5.0, 5.0, 5.0, 5.0
parameter ends

state | action | reward
[0.01] | 0 | 1.0
0.008598843589425087 | 0 | 1.0
0.005548677407205105 | 0 | 1.0
-0.0013997422065585852 | 0 | 1.0
-0.012248422019183636 | 0 | 1.0
-0.027000825852155685 | 0 | 1.0
-0.045661479234695435 | 0 | 1.0
-0.0682353749871254 | 0 | 1.0
-0.09472714364528656 | 0 | 1.0
-0.12513993680477142 | 0 | 1.0
Total reward: 10.0
5.0, 5.0, 5.0, 5.0, 5.0, 5.0, 5.0, 5.0, 5.0, 5.0
parameter ends

state | action | reward
[-0.01] | 0 | 1.0
-0.012348907999694347 | 0 | 1.0
-0.015979548916220665 | 0 | 1.0
-0.023525476455688477 | 0 | 1.0
-0.03498796746134758 | 0 | 1.0
-0.05036940425634384 | 0 | 1.0
-0.06967281550168991 | 0 | 1.0
-0.09290118515491486 | 0 | 1.0
Total reward: 8.0
5.0, 5.0, 5.0, 5.0, 5.0, 5.0, 5.0, 5.0, 5.0, 5.0
parameter ends

state | action | reward
[-0.04] | 0 | 1.0
-0.04382450133562088 | 0 | 1.0
-0.04748998582363129 | 0 | 1.0
-0.055069129914045334 | 0 | 1.0
-0.06656335294246674 | 0 | 1.0
-0.08197522163391113 | 0 | 1.0
-0.1013079509139061 | 0 | 1.0
-0.12456470727920532 | 0 | 1.0
Total reward: 8.0
5.0, 5.0, 5.0, 5.0, 5.0, 5.0, 5.0, 5.0, 5.0, 5.0
parameter ends

state | action | reward
[0.] | 0 | 1.0
0.0032586660236120224 | 0 | 1.0
-0.0004460511263459921 | 0 | 1.0
-0.008042199537158012 | 0 | 1.0
-0.019531559199094772 | 0 | 1.0
-0.03491753712296486 | 0 | 1.0
-0.05420484393835068 | 0 | 1.0
-0.07739900052547455 | 0 | 1.0
-0.10450562089681625 | 0 | 1.0
-0.13552944362163544 | 0 | 1.0
Total reward: 10.0
5.0, 5.0, 5.0, 5.0, 5.0, 5.0, 5.0, 5.0, 5.0, 5.0
parameter ends

state | action | reward
[0.02] | 0 | 1.0
0.02384842373430729 | 0 | 1.0
0.020018547773361206 | 0 | 1.0
0.012299507856369019 | 0 | 1.0
0.0006892590899951756 | 0 | 1.0
-0.014815873466432095 | 0 | 1.0
-0.0342208631336689 | 0 | 1.0
-0.05753147602081299 | 0 | 1.0
-0.08475355803966522 | 0 | 1.0
-0.11589207500219345 | 0 | 1.0
Total reward: 10.0
5.0, 5.0, 5.0, 5.0, 5.0, 5.0, 5.0, 5.0, 5.0, 5.0
parameter ends

state | action | reward
[0.02] | 0 | 1.0
0.020378902554512024 | 0 | 1.0
0.016737284138798714 | 0 | 1.0
0.009200447238981724 | 0 | 1.0
-0.0022334062959998846 | 0 | 1.0
-0.017567628994584084 | 0 | 1.0
-0.036806777119636536 | 0 | 1.0
-0.059956081211566925 | 0 | 1.0
-0.08702068030834198 | 0 | 1.0
-0.11800458282232285 | 0 | 1.0
Total reward: 10.0
5.0, 5.0, 5.0, 5.0, 5.0, 5.0, 5.0, 5.0, 5.0, 5.0
parameter ends

state | action | reward
[0.02] | 0 | 1.0
0.016864044591784477 | 0 | 1.0
0.01234456803649664 | 0 | 1.0
0.003914201632142067 | 0 | 1.0
-0.008428502827882767 | 0 | 1.0
-0.024686213582754135 | 0 | 1.0
-0.044862378388643265 | 0 | 1.0
-0.06896054744720459 | 0 | 1.0
-0.09698345512151718 | 0 | 1.0
Total reward: 9.0
5.0, 5.0, 5.0, 5.0, 5.0, 5.0, 5.0, 5.0, 5.0, 5.0
parameter ends

state | action | reward
[0.04] | 0 | 1.0
0.04031152278184891 | 0 | 1.0
0.03604215383529663 | 0 | 1.0
0.027875710278749466 | 0 | 1.0
0.01581048034131527 | 0 | 1.0
-0.00015678555064368993 | 0 | 1.0
-0.02003050595521927 | 0 | 1.0
-0.0438157320022583 | 0 | 1.0
-0.07151737809181213 | 0 | 1.0
-0.10313915461301804 | 0 | 1.0
Total reward: 10.0
5.0, 5.0, 5.0, 5.0, 5.0, 5.0, 5.0, 5.0, 5.0, 5.0
parameter ends

state | action | reward
[0.04] | 0 | 1.0
0.04187086224555969 | 0 | 1.0
0.03808863088488579 | 0 | 1.0
0.03040122427046299 | 0 | 1.0
0.018807001411914825 | 0 | 1.0
0.0033029778860509396 | 0 | 1.0
-0.016114773228764534 | 0 | 1.0
-0.03945049270987511 | 0 | 1.0
-0.06670785695314407 | 0 | 1.0
Total reward: 9.0
5.0, 5.0, 5.0, 5.0, 5.0, 5.0, 5.0, 5.0, 5.0, 5.0
parameter ends

state | action | reward
[0.04] | 0 | 1.0
0.04337402805685997 | 0 | 1.0
0.03846795856952667 | 0 | 1.0
0.029646331444382668 | 0 | 1.0
0.016907824203372 | 0 | 1.0
0.0002500303671695292 | 0 | 1.0
-0.020330067723989487 | 0 | 1.0
-0.04483538866043091 | 0 | 1.0
Total reward: 8.0
