1.0, 1.0, 1.0, 1.0, 1.0, 1.0, 1.0, 1.0, 1.0, 1.0
parameter ends

state | action | reward
[0.04] | 0 | 1.0
0.04209527000784874 | 0 | 1.0
0.03898072987794876 | 0 | 1.0
0.03196130320429802 | 0 | 1.0
0.021035270765423775 | 0 | 1.0
0.006199561525136232 | 0 | 1.0
-0.012549811974167824 | 0 | 1.0
-0.035217124968767166 | 0 | 1.0
-0.061806049197912216 | 0 | 1.0
Total reward: 9.0
1.0, 1.0, 1.0, 1.0, 1.0, 1.0, 1.0, 1.0, 1.0, 1.0
parameter ends

state | action | reward
[0.04] | 0 | 1.0
0.03966771811246872 | 0 | 1.0
0.0364517904818058 | 0 | 1.0
0.029320938512682915 | 0 | 1.0
0.01827399618923664 | 0 | 1.0
0.0033086449839174747 | 0 | 1.0
-0.015578140504658222 | 0 | 1.0
-0.0383894182741642 | 0 | 1.0
Total reward: 8.0
1.0, 1.0, 1.0, 1.0, 1.0, 1.0, 1.0, 1.0, 1.0, 1.0
parameter ends

state | action | reward
[0.05] | 0 | 1.0
0.04760076478123665 | 0 | 1.0
0.04469449445605278 | 0 | 1.0
0.03788217157125473 | 0 | 1.0
0.027162227779626846 | 0 | 1.0
0.012531761080026627 | 0 | 1.0
-0.006013060919940472 | 0 | 1.0
-0.028476379811763763 | 0 | 1.0
-0.05486176908016205 | 0 | 1.0
Total reward: 9.0
1.0, 1.0, 1.0, 1.0, 1.0, 1.0, 1.0, 1.0, 1.0, 1.0
parameter ends

state | action | reward
[0.02] | 0 | 1.0
0.02441447786986828 | 0 | 1.0
0.020741978660225868 | 0 | 1.0
0.013180582784116268 | 0 | 1.0
0.0017283173510804772 | 0 | 1.0
-0.013618433848023415 | 0 | 1.0
-0.032864607870578766 | 0 | 1.0
-0.05601596459746361 | 0 | 1.0
-0.08307839930057526 | 0 | 1.0
-0.11405695229768753 | 0 | 1.0
Total reward: 10.0
1.0, 1.0, 1.0, 1.0, 1.0, 1.0, 1.0, 1.0, 1.0, 1.0
parameter ends

state | action | reward
[-0.01] | 0 | 1.0
-0.0066913519985973835 | 0 | 1.0
-0.009867727756500244 | 0 | 1.0
-0.016933994367718697 | 0 | 1.0
-0.027892308309674263 | 0 | 1.0
-0.04274642467498779 | 0 | 1.0
-0.061501361429691315 | 0 | 1.0
-0.0841628685593605 | 0 | 1.0
-0.1107366755604744 | 0 | 1.0
-0.14122754335403442 | 0 | 1.0
Total reward: 10.0
1.0, 1.0, 1.0, 1.0, 1.0, 1.0, 1.0, 1.0, 1.0, 1.0
parameter ends

state | action | reward
[-0.02] | 0 | 1.0
-0.01587073877453804 | 0 | 1.0
-0.019067134708166122 | 0 | 1.0
-0.02615601196885109 | 0 | 1.0
-0.037139322608709335 | 0 | 1.0
-0.0520206056535244 | 0 | 1.0
-0.07080463320016861 | 0 | 1.0
-0.0934968888759613 | 0 | 1.0
-0.12010283768177032 | 0 | 1.0
-0.15062689781188965 | 0 | 1.0
Total reward: 10.0
1.0, 1.0, 1.0, 1.0, 1.0, 1.0, 1.0, 1.0, 1.0, 1.0
parameter ends

state | action | reward
[0.02] | 0 | 1.0
0.019681226462125778 | 0 | 1.0
0.015026207081973553 | 0 | 1.0
0.0064603290520608425 | 0 | 1.0
-0.00601779343560338 | 0 | 1.0
-0.02241077832877636 | 0 | 1.0
-0.04272205010056496 | 0 | 1.0
-0.06695517897605896 | 0 | 1.0
-0.09511294960975647 | 0 | 1.0
Total reward: 9.0
1.0, 1.0, 1.0, 1.0, 1.0, 1.0, 1.0, 1.0, 1.0, 1.0
parameter ends

state | action | reward
[0.02] | 0 | 1.0
0.018682558089494705 | 0 | 1.0
0.015050522051751614 | 0 | 1.0
0.007528002839535475 | 0 | 1.0
-0.0038866375107318163 | 0 | 1.0
-0.01919669844210148 | 0 | 1.0
-0.03840683773159981 | 0 | 1.0
-0.06152259185910225 | 0 | 1.0
-0.08854969590902328 | 0 | 1.0
-0.11949316412210464 | 0 | 1.0
Total reward: 10.0
1.0, 1.0, 1.0, 1.0, 1.0, 1.0, 1.0, 1.0, 1.0, 1.0
parameter ends

state | action | reward
[-0.02] | 0 | 1.0
-0.01834540069103241 | 0 | 1.0
-0.021817350760102272 | 0 | 1.0
-0.029185131192207336 | 0 | 1.0
-0.04045042023062706 | 0 | 1.0
-0.055616457015275955 | 0 | 1.0
-0.07468770444393158 | 0 | 1.0
-0.09766930341720581 | 0 | 1.0
-0.12456633895635605 | 0 | 1.0
-0.15538282692432404 | 0 | 1.0
Total reward: 10.0
1.0, 1.0, 1.0, 1.0, 1.0, 1.0, 1.0, 1.0, 1.0, 1.0
parameter ends

state | action | reward
[0.04] | 0 | 1.0
0.037899475544691086 | 0 | 1.0
0.034272775053977966 | 0 | 1.0
0.026734400540590286 | 0 | 1.0
0.01528297457844019 | 0 | 1.0
-8.408316352870315e-05 | 0 | 1.0
-0.019370129331946373 | 0 | 1.0
-0.04257862642407417 | 0 | 1.0
-0.06971221417188644 | 0 | 1.0
Total reward: 9.0
1.0, 1.0, 1.0, 1.0, 1.0, 1.0, 1.0, 1.0, 1.0, 1.0
parameter ends

state | action | reward
[0.04] | 0 | 1.0
0.04127947613596916 | 0 | 1.0
0.03663802891969681 | 0 | 1.0
0.02810533158481121 | 0 | 1.0
0.015679629519581795 | 0 | 1.0
-0.000642467406578362 | 0 | 1.0
-0.020865660160779953 | 0 | 1.0
-0.044995471835136414 | 0 | 1.0
-0.0730375424027443 | 0 | 1.0
-0.10499666631221771 | 0 | 1.0
Total reward: 10.0
1.0, 1.0, 1.0, 1.0, 1.0, 1.0, 1.0, 1.0, 1.0, 1.0
parameter ends

state | action | reward
[-0.03] | 0 | 1.0
-0.029916979372501373 | 0 | 1.0
-0.0340859517455101 | 0 | 1.0
-0.04214371740818024 | 0 | 1.0
-0.05409209430217743 | 0 | 1.0
-0.06993457674980164 | 0 | 1.0
-0.08967600017786026 | 0 | 1.0
-0.11332207918167114 | 0 | 1.0
-0.14087873697280884 | 0 | 1.0
-0.17235113680362701 | 0 | 1.0
Total reward: 10.0
1.0, 1.0, 1.0, 1.0, 1.0, 1.0, 1.0, 1.0, 1.0, 1.0
parameter ends

state | action | reward
[-0.03] | 0 | 1.0
-0.031018342822790146 | 0 | 1.0
-0.03428781032562256 | 0 | 1.0
-0.0414586067199707 | 0 | 1.0
-0.05253244563937187 | 0 | 1.0
-0.06751247495412827 | 0 | 1.0
-0.08640289306640625 | 0 | 1.0
-0.10920833796262741 | 0 | 1.0
-0.13593311607837677 | 0 | 1.0
Total reward: 9.0
1.0, 1.0, 1.0, 1.0, 1.0, 1.0, 1.0, 1.0, 1.0, 1.0
parameter ends

state | action | reward
[0.02] | 0 | 1.0
0.01933133974671364 | 0 | 1.0
0.014973967336118221 | 0 | 1.0
0.006714239716529846 | 0 | 1.0
-0.005449245683848858 | 0 | 1.0
-0.021519353613257408 | 0 | 1.0
-0.04150005057454109 | 0 | 1.0
-0.06539585441350937 | 0 | 1.0
-0.09321101009845734 | 0 | 1.0
-0.12494847178459167 | 0 | 1.0
Total reward: 10.0
1.0, 1.0, 1.0, 1.0, 1.0, 1.0, 1.0, 1.0, 1.0, 1.0
parameter ends

state | action | reward
[-0.02] | 0 | 1.0
-0.018586892634630203 | 0 | 1.0
-0.023460853844881058 | 0 | 1.0
-0.0322270467877388 | 0 | 1.0
-0.044887520372867584 | 0 | 1.0
-0.06144591048359871 | 0 | 1.0
-0.08190706372261047 | 0 | 1.0
-0.10627651959657669 | 0 | 1.0
-0.1345597356557846 | 0 | 1.0
-0.166761115193367 | 0 | 1.0
Total reward: 10.0
1.0, 1.0, 1.0, 1.0, 1.0, 1.0, 1.0, 1.0, 1.0, 1.0
parameter ends

state | action | reward
[0.] | 0 | 1.0
0.0030716517940163612 | 0 | 1.0
5.964354204479605e-05 | 0 | 1.0
-0.006853706669062376 | 0 | 1.0
-0.01767004281282425 | 0 | 1.0
-0.032392457127571106 | 0 | 1.0
-0.05102510377764702 | 0 | 1.0
-0.07357262820005417 | 0 | 1.0
-0.10003934055566788 | 0 | 1.0
Total reward: 9.0
1.0, 1.0, 1.0, 1.0, 1.0, 1.0, 1.0, 1.0, 1.0, 1.0
parameter ends

state | action | reward
[-0.03] | 0 | 1.0
-0.0298429187387228 | 0 | 1.0
-0.03455139696598053 | 0 | 1.0
-0.04316536709666252 | 0 | 1.0
-0.05568637326359749 | 0 | 1.0
-0.07211732864379883 | 0 | 1.0
-0.09246207773685455 | 0 | 1.0
-0.11672483384609222 | 0 | 1.0
-0.14490927755832672 | 0 | 1.0
Total reward: 9.0
1.0, 1.0, 1.0, 1.0, 1.0, 1.0, 1.0, 1.0, 1.0, 1.0
parameter ends

state | action | reward
[0.03] | 0 | 1.0
0.026111984625458717 | 0 | 1.0
0.021666361019015312 | 0 | 1.0
0.013330165296792984 | 0 | 1.0
0.0011015322525054216 | 0 | 1.0
-0.015023034065961838 | 0 | 1.0
-0.03504833206534386 | 0 | 1.0
-0.05897997319698334 | 0 | 1.0
-0.08682365715503693 | 0 | 1.0
-0.11858422309160233 | 0 | 1.0
Total reward: 10.0
1.0, 1.0, 1.0, 1.0, 1.0, 1.0, 1.0, 1.0, 1.0, 1.0
parameter ends

state | action | reward
[0.02] | 0 | 1.0
0.02010142244398594 | 0 | 1.0
0.015381275676190853 | 0 | 1.0
0.00674815010279417 | 0 | 1.0
-0.005799321457743645 | 0 | 1.0
-0.022263674065470695 | 0 | 1.0
-0.04264816269278526 | 0 | 1.0
-0.06695607304573059 | 0 | 1.0
Total reward: 8.0
1.0, 1.0, 1.0, 1.0, 1.0, 1.0, 1.0, 1.0, 1.0, 1.0
parameter ends

state | action | reward
[0.05] | 0 | 1.0
0.049667056649923325 | 0 | 1.0
0.04593130946159363 | 0 | 1.0
0.038290027529001236 | 0 | 1.0
0.026741649955511093 | 0 | 1.0
0.011283263564109802 | 0 | 1.0
-0.008088999427855015 | 0 | 1.0
-0.0313793383538723 | 0 | 1.0
-0.058591414242982864 | 0 | 1.0
Total reward: 9.0
