5.3, 5.3, 5.3, 5.3, 5.3, 5.3, 5.3, 5.3, 5.3, 5.3
parameter ends

state | action | reward
[0.05] | 0 | 1.0
0.04673803970217705 | 0 | 1.0
0.04340757057070732 | 0 | 1.0
0.03617023676633835 | 0 | 1.0
0.02502473071217537 | 0 | 1.0
0.009968391619622707 | 0 | 1.0
-0.009002435952425003 | 0 | 1.0
-0.03189179301261902 | 0 | 1.0
-0.05870327726006508 | 0 | 1.0
Total reward: 9.0
5.3, 5.3, 5.3, 5.3, 5.3, 5.3, 5.3, 5.3, 5.3, 5.3
parameter ends

state | action | reward
[-0.05] | 0 | 1.0
-0.04701285809278488 | 0 | 1.0
-0.05177869275212288 | 0 | 1.0
-0.0604572668671608 | 0 | 1.0
-0.07304979115724564 | 0 | 1.0
-0.08955870568752289 | 0 | 1.0
-0.10998721420764923 | 0 | 1.0
-0.13433866202831268 | 0 | 1.0
-0.1626156121492386 | 0 | 1.0
Total reward: 9.0
5.3, 5.3, 5.3, 5.3, 5.3, 5.3, 5.3, 5.3, 5.3, 5.3
parameter ends

state | action | reward
[-0.04] | 0 | 1.0
-0.03749746456742287 | 0 | 1.0
-0.041698407381772995 | 0 | 1.0
-0.04981345683336258 | 0 | 1.0
-0.061843909323215485 | 0 | 1.0
-0.0777922049164772 | 0 | 1.0
-0.09766148030757904 | 0 | 1.0
-0.1214548721909523 | 0 | 1.0
Total reward: 8.0
5.3, 5.3, 5.3, 5.3, 5.3, 5.3, 5.3, 5.3, 5.3, 5.3
parameter ends

state | action | reward
[0.03] | 0 | 1.0
0.02765311300754547 | 0 | 1.0
0.022992970421910286 | 0 | 1.0
0.014437425881624222 | 0 | 1.0
0.0019848723895847797 | 0 | 1.0
-0.014367873780429363 | 0 | 1.0
-0.03462524339556694 | 0 | 1.0
-0.05879240110516548 | 0 | 1.0
-0.08687449991703033 | 0 | 1.0
-0.11887570470571518 | 0 | 1.0
Total reward: 10.0
5.3, 5.3, 5.3, 5.3, 5.3, 5.3, 5.3, 5.3, 5.3, 5.3
parameter ends

state | action | reward
[-0.04] | 0 | 1.0
-0.03772168233990669 | 0 | 1.0
-0.042023833841085434 | 0 | 1.0
-0.050218626856803894 | 0 | 1.0
-0.06230786442756653 | 0 | 1.0
-0.07829495519399643 | 0 | 1.0
-0.09818457812070847 | 0 | 1.0
-0.1219821646809578 | 0 | 1.0
-0.14969317615032196 | 0 | 1.0
-0.1813221424818039 | 0 | 1.0
Total reward: 10.0
5.3, 5.3, 5.3, 5.3, 5.3, 5.3, 5.3, 5.3, 5.3, 5.3
parameter ends

state | action | reward
[-0.03] | 0 | 1.0
-0.032084107398986816 | 0 | 1.0
-0.03637217357754707 | 0 | 1.0
-0.044565800577402115 | 0 | 1.0
-0.05666663870215416 | 0 | 1.0
-0.07267767190933228 | 0 | 1.0
-0.09260281920433044 | 0 | 1.0
-0.11644626408815384 | 0 | 1.0
-0.14421162009239197 | 0 | 1.0
Total reward: 9.0
5.3, 5.3, 5.3, 5.3, 5.3, 5.3, 5.3, 5.3, 5.3, 5.3
parameter ends

state | action | reward
[0.03] | 0 | 1.0
0.027213243767619133 | 0 | 1.0
0.023648060858249664 | 0 | 1.0
0.01617502048611641 | 0 | 1.0
0.004792800638824701 | 0 | 1.0
-0.010501263663172722 | 0 | 1.0
-0.02971077710390091 | 0 | 1.0
-0.052839674055576324 | 0 | 1.0
-0.07989136129617691 | 0 | 1.0
Total reward: 9.0
5.3, 5.3, 5.3, 5.3, 5.3, 5.3, 5.3, 5.3, 5.3, 5.3
parameter ends

state | action | reward
[-0.02] | 0 | 1.0
-0.024769961833953857 | 0 | 1.0
-0.028658870607614517 | 0 | 1.0
-0.036442313343286514 | 0 | 1.0
-0.04812227934598923 | 0 | 1.0
-0.0637023076415062 | 0 | 1.0
-0.08318711072206497 | 0 | 1.0
-0.10658200830221176 | 0 | 1.0
-0.13389219343662262 | 0 | 1.0
-0.16512161493301392 | 0 | 1.0
Total reward: 10.0
5.3, 5.3, 5.3, 5.3, 5.3, 5.3, 5.3, 5.3, 5.3, 5.3
parameter ends

state | action | reward
[-0.02] | 0 | 1.0
-0.017415503039956093 | 0 | 1.0
-0.021288404241204262 | 0 | 1.0
-0.029071109369397163 | 0 | 1.0
-0.04076511785387993 | 0 | 1.0
-0.056373171508312225 | 0 | 1.0
-0.07589882612228394 | 0 | 1.0
-0.09934576600790024 | 0 | 1.0
-0.12671689689159393 | 0 | 1.0
Total reward: 9.0
5.3, 5.3, 5.3, 5.3, 5.3, 5.3, 5.3, 5.3, 5.3, 5.3
parameter ends

state | action | reward
[0.05] | 0 | 1.0
0.04939132183790207 | 0 | 1.0
0.045751623809337616 | 0 | 1.0
0.03821701928973198 | 0 | 1.0
0.026785438880324364 | 0 | 1.0
0.011453287675976753 | 0 | 1.0
-0.007784171029925346 | 0 | 1.0
-0.03093225136399269 | 0 | 1.0
-0.057996053248643875 | 0 | 1.0
-0.08897940069437027 | 0 | 1.0
Total reward: 10.0
5.3, 5.3, 5.3, 5.3, 5.3, 5.3, 5.3, 5.3, 5.3, 5.3
parameter ends

state | action | reward
[-0.04] | 0 | 1.0
-0.0428243987262249 | 0 | 1.0
-0.04593653976917267 | 0 | 1.0
-0.0529508963227272 | 0 | 1.0
-0.06386933475732803 | 0 | 1.0
-0.07869511097669601 | 0 | 1.0
-0.0974324569106102 | 0 | 1.0
-0.1200859397649765 | 0 | 1.0
-0.14665961265563965 | 0 | 1.0
Total reward: 9.0
5.3, 5.3, 5.3, 5.3, 5.3, 5.3, 5.3, 5.3, 5.3, 5.3
parameter ends

state | action | reward
[-0.02] | 0 | 1.0
-0.01927369087934494 | 0 | 1.0
-0.023194139823317528 | 0 | 1.0
-0.03102092631161213 | 0 | 1.0
-0.04275551438331604 | 0 | 1.0
-0.0584007166326046 | 0 | 1.0
-0.077960304915905 | 0 | 1.0
-0.10143838077783585 | 0 | 1.0
-0.12883853912353516 | 0 | 1.0
Total reward: 9.0
5.3, 5.3, 5.3, 5.3, 5.3, 5.3, 5.3, 5.3, 5.3, 5.3
parameter ends

state | action | reward
[0.04] | 0 | 1.0
0.04167111590504646 | 0 | 1.0
0.03769440948963165 | 0 | 1.0
0.029814571142196655 | 0 | 1.0
0.018029872328042984 | 0 | 1.0
0.0023371963761746883 | 0 | 1.0
-0.017267558723688126 | 0 | 1.0
-0.040788862854242325 | 0 | 1.0
-0.06823069602251053 | 0 | 1.0
Total reward: 9.0
5.3, 5.3, 5.3, 5.3, 5.3, 5.3, 5.3, 5.3, 5.3, 5.3
parameter ends

state | action | reward
[-0.03] | 0 | 1.0
-0.0261208638548851 | 0 | 1.0
-0.029458846896886826 | 0 | 1.0
-0.03669384866952896 | 0 | 1.0
-0.04782739281654358 | 0 | 1.0
-0.0628625750541687 | 0 | 1.0
-0.08180370181798935 | 0 | 1.0
-0.10465578734874725 | 0 | 1.0
-0.13142380118370056 | 0 | 1.0
-0.16211165487766266 | 0 | 1.0
Total reward: 10.0
5.3, 5.3, 5.3, 5.3, 5.3, 5.3, 5.3, 5.3, 5.3, 5.3
parameter ends

state | action | reward
[0.01] | 0 | 1.0
0.009529508650302887 | 0 | 1.0
0.0049156020395457745 | 0 | 1.0
-0.0036087471526116133 | 0 | 1.0
-0.016044916585087776 | 0 | 1.0
-0.03239553049206734 | 0 | 1.0
-0.05266404151916504 | 0 | 1.0
-0.07685407251119614 | 0 | 1.0
-0.10496850311756134 | 0 | 1.0
Total reward: 9.0
5.3, 5.3, 5.3, 5.3, 5.3, 5.3, 5.3, 5.3, 5.3, 5.3
parameter ends

state | action | reward
[0.01] | 0 | 1.0
0.011615839786827564 | 0 | 1.0
0.006718222983181477 | 0 | 1.0
-0.00208488991484046 | 0 | 1.0
-0.014795050024986267 | 0 | 1.0
-0.031415168195962906 | 0 | 1.0
-0.05194910988211632 | 0 | 1.0
-0.07640107721090317 | 0 | 1.0
-0.10477474331855774 | 0 | 1.0
Total reward: 9.0
5.3, 5.3, 5.3, 5.3, 5.3, 5.3, 5.3, 5.3, 5.3, 5.3
parameter ends

state | action | reward
[0.01] | 0 | 1.0
0.005308451596647501 | 0 | 1.0
0.0013715664390474558 | 0 | 1.0
-0.006474270019680262 | 0 | 1.0
-0.01823040470480919 | 0 | 1.0
-0.03389948233962059 | 0 | 1.0
-0.053485043346881866 | 0 | 1.0
-0.07699090242385864 | 0 | 1.0
-0.1044202446937561 | 0 | 1.0
Total reward: 9.0
5.3, 5.3, 5.3, 5.3, 5.3, 5.3, 5.3, 5.3, 5.3, 5.3
parameter ends

state | action | reward
[0.02] | 0 | 1.0
0.016400285065174103 | 0 | 1.0
0.011855662800371647 | 0 | 1.0
0.003402713919058442 | 0 | 1.0
-0.008960031904280186 | 0 | 1.0
-0.025235338136553764 | 0 | 1.0
-0.04542684555053711 | 0 | 1.0
-0.0695384293794632 | 0 | 1.0
-0.09757331758737564 | 0 | 1.0
Total reward: 9.0
5.3, 5.3, 5.3, 5.3, 5.3, 5.3, 5.3, 5.3, 5.3, 5.3
parameter ends

state | action | reward
[-0.02] | 0 | 1.0
-0.02131326124072075 | 0 | 1.0
-0.02575238235294819 | 0 | 1.0
-0.03410179913043976 | 0 | 1.0
-0.046362847089767456 | 0 | 1.0
-0.06253813207149506 | 0 | 1.0
-0.08263109624385834 | 0 | 1.0
-0.10664539784193039 | 0 | 1.0
-0.1345839649438858 | 0 | 1.0
Total reward: 9.0
5.3, 5.3, 5.3, 5.3, 5.3, 5.3, 5.3, 5.3, 5.3, 5.3
parameter ends

state | action | reward
[0.05] | 0 | 1.0
0.04880155995488167 | 0 | 1.0
0.0443146787583828 | 0 | 1.0
0.03591661900281906 | 0 | 1.0
0.0236060693860054 | 0 | 1.0
0.007380474358797073 | 0 | 1.0
-0.012763537466526031 | 0 | 1.0
-0.03682950139045715 | 0 | 1.0
-0.06482020765542984 | 0 | 1.0
Total reward: 9.0
