0.0, 0.0, 0.0, 0.0, 0.0, 0.0, 0.0, 0.0, 0.0, 0.0
parameter ends

state | action | reward
[-0.02] | 0 | 1.0
-0.018954697996377945 | 0 | 1.0
-0.0226158257573843 | 0 | 1.0
-0.030179712921380997 | 0 | 1.0
-0.041647788137197495 | 0 | 1.0
-0.05702293664216995 | 0 | 1.0
-0.07630911469459534 | 0 | 1.0
-0.0995108038187027 | 0 | 1.0
-0.1266321837902069 | 0 | 1.0
Total reward: 9.0
0.0, 0.0, 0.0, 0.0, 0.0, 0.0, 0.0, 0.0, 0.0, 0.0
parameter ends

state | action | reward
[0.04] | 0 | 1.0
0.03578935191035271 | 0 | 1.0
0.03166002407670021 | 0 | 1.0
0.02364228293299675 | 0 | 1.0
0.011734167113900185 | 0 | 1.0
-0.004067942500114441 | 0 | 1.0
-0.02376900054514408 | 0 | 1.0
-0.047374799847602844 | 0 | 1.0
-0.07489128410816193 | 0 | 1.0
-0.10632359236478806 | 0 | 1.0
Total reward: 10.0
0.0, 0.0, 0.0, 0.0, 0.0, 0.0, 0.0, 0.0, 0.0, 0.0
parameter ends

state | action | reward
[0.04] | 0 | 1.0
0.035627372562885284 | 0 | 1.0
0.031451378017663956 | 0 | 1.0
0.023380205035209656 | 0 | 1.0
0.011411971412599087 | 0 | 1.0
-0.004456755239516497 | 0 | 1.0
-0.024230588227510452 | 0 | 1.0
-0.0479147806763649 | 0 | 1.0
-0.07551444321870804 | 0 | 1.0
-0.10703353583812714 | 0 | 1.0
Total reward: 10.0
0.0, 0.0, 0.0, 0.0, 0.0, 0.0, 0.0, 0.0, 0.0, 0.0
parameter ends

state | action | reward
[0.02] | 0 | 1.0
0.017227251082658768 | 0 | 1.0
0.014160629361867905 | 0 | 1.0
0.0071883657947182655 | 0 | 1.0
-0.0036909347400069237 | 0 | 1.0
-0.018480049446225166 | 0 | 1.0
-0.0371827557682991 | 0 | 1.0
-0.05980323627591133 | 0 | 1.0
-0.08634523302316666 | 0 | 1.0
Total reward: 9.0
0.0, 0.0, 0.0, 0.0, 0.0, 0.0, 0.0, 0.0, 0.0, 0.0
parameter ends

state | action | reward
[0.01] | 0 | 1.0
0.0076649850234389305 | 0 | 1.0
0.003035224275663495 | 0 | 1.0
-0.005488110706210136 | 0 | 1.0
-0.01790694333612919 | 0 | 1.0
-0.03422476351261139 | 0 | 1.0
-0.05444628372788429 | 0 | 1.0
-0.07857690006494522 | 0 | 1.0
-0.10662192851305008 | 0 | 1.0
-0.13858559727668762 | 0 | 1.0
Total reward: 10.0
0.0, 0.0, 0.0, 0.0, 0.0, 0.0, 0.0, 0.0, 0.0, 0.0
parameter ends

state | action | reward
[-0.02] | 0 | 1.0
-0.016872810199856758 | 0 | 1.0
-0.021380554884672165 | 0 | 1.0
-0.029797719791531563 | 0 | 1.0
-0.0421258844435215 | 0 | 1.0
-0.058367859572172165 | 0 | 1.0
-0.07852725684642792 | 0 | 1.0
-0.10260780155658722 | 0 | 1.0
-0.13061241805553436 | 0 | 1.0
Total reward: 9.0
0.0, 0.0, 0.0, 0.0, 0.0, 0.0, 0.0, 0.0, 0.0, 0.0
parameter ends

state | action | reward
[-0.04] | 0 | 1.0
-0.03969193249940872 | 0 | 1.0
-0.043861858546733856 | 0 | 1.0
-0.051942989230155945 | 0 | 1.0
-0.06393685191869736 | 0 | 1.0
-0.07984615862369537 | 0 | 1.0
-0.09967438131570816 | 0 | 1.0
-0.12342499941587448 | 0 | 1.0
-0.15110060572624207 | 0 | 1.0
Total reward: 9.0
0.0, 0.0, 0.0, 0.0, 0.0, 0.0, 0.0, 0.0, 0.0, 0.0
parameter ends

state | action | reward
[-0.03] | 0 | 1.0
-0.02770274132490158 | 0 | 1.0
-0.031889479607343674 | 0 | 1.0
-0.03997752070426941 | 0 | 1.0
-0.05196867510676384 | 0 | 1.0
-0.06786617636680603 | 0 | 1.0
-0.08767427504062653 | 0 | 1.0
-0.1113976314663887 | 0 | 1.0
-0.1390404850244522 | 0 | 1.0
Total reward: 9.0
0.0, 0.0, 0.0, 0.0, 0.0, 0.0, 0.0, 0.0, 0.0, 0.0
parameter ends

state | action | reward
[0.03] | 0 | 1.0
0.027685195207595825 | 0 | 1.0
0.024175947532057762 | 0 | 1.0
0.01675582118332386 | 0 | 1.0
0.005423326510936022 | 0 | 1.0
-0.009824240580201149 | 0 | 1.0
-0.02899034321308136 | 0 | 1.0
-0.05207853391766548 | 0 | 1.0
-0.07909150421619415 | 0 | 1.0
Total reward: 9.0
0.0, 0.0, 0.0, 0.0, 0.0, 0.0, 0.0, 0.0, 0.0, 0.0
parameter ends

state | action | reward
[0.04] | 0 | 1.0
0.03590512275695801 | 0 | 1.0
0.0324045792222023 | 0 | 1.0
0.024989329278469086 | 0 | 1.0
0.013658177107572556 | 0 | 1.0
-0.0015912242233753204 | 0 | 1.0
-0.02076192945241928 | 0 | 1.0
-0.043857019394636154 | 0 | 1.0
Total reward: 8.0
0.0, 0.0, 0.0, 0.0, 0.0, 0.0, 0.0, 0.0, 0.0, 0.0
parameter ends

state | action | reward
[-0.01] | 0 | 1.0
-0.00802917592227459 | 0 | 1.0
-0.012667335569858551 | 0 | 1.0
-0.02119387686252594 | 0 | 1.0
-0.03361089900135994 | 0 | 1.0
-0.04992213472723961 | 0 | 1.0
-0.07013262063264847 | 0 | 1.0
-0.0942481979727745 | 0 | 1.0
-0.12227480858564377 | 0 | 1.0
-0.15421749651432037 | 0 | 1.0
Total reward: 10.0
0.0, 0.0, 0.0, 0.0, 0.0, 0.0, 0.0, 0.0, 0.0, 0.0
parameter ends

state | action | reward
[0.04] | 0 | 1.0
0.03906315192580223 | 0 | 1.0
0.03576701134443283 | 0 | 1.0
0.028576305136084557 | 0 | 1.0
0.01748940907418728 | 0 | 1.0
0.002503118244931102 | 0 | 1.0
-0.01638704538345337 | 0 | 1.0
-0.03918631374835968 | 0 | 1.0
-0.06589994579553604 | 0 | 1.0
-0.09653224050998688 | 0 | 1.0
Total reward: 10.0
0.0, 0.0, 0.0, 0.0, 0.0, 0.0, 0.0, 0.0, 0.0, 0.0
parameter ends

state | action | reward
[0.] | 0 | 1.0
0.0020670711528509855 | 0 | 1.0
-0.0017559166299179196 | 0 | 1.0
-0.009471670724451542 | 0 | 1.0
-0.02108217030763626 | 0 | 1.0
-0.03659097105264664 | 0 | 1.0
-0.05600285530090332 | 0 | 1.0
-0.07932329177856445 | 0 | 1.0
-0.106557697057724 | 0 | 1.0
-0.13771042227745056 | 0 | 1.0
Total reward: 10.0
0.0, 0.0, 0.0, 0.0, 0.0, 0.0, 0.0, 0.0, 0.0, 0.0
parameter ends

state | action | reward
[0.04] | 0 | 1.0
0.04424135386943817 | 0 | 1.0
0.04082154110074043 | 0 | 1.0
0.03349399194121361 | 0 | 1.0
0.022257400676608086 | 0 | 1.0
0.007109112571924925 | 0 | 1.0
-0.01195447240024805 | 0 | 1.0
-0.0349373035132885 | 0 | 1.0
-0.061842817813158035 | 0 | 1.0
Total reward: 9.0
0.0, 0.0, 0.0, 0.0, 0.0, 0.0, 0.0, 0.0, 0.0, 0.0
parameter ends

state | action | reward
[0.04] | 0 | 1.0
0.036885619163513184 | 0 | 1.0
0.0331486351788044 | 0 | 1.0
0.025509105995297432 | 0 | 1.0
0.013965632766485214 | 0 | 1.0
-0.001484639011323452 | 0 | 1.0
-0.020845666527748108 | 0 | 1.0
-0.044121939688920975 | 0 | 1.0
-0.07131769508123398 | 0 | 1.0
-0.10243582725524902 | 0 | 1.0
Total reward: 10.0
0.0, 0.0, 0.0, 0.0, 0.0, 0.0, 0.0, 0.0, 0.0, 0.0
parameter ends

state | action | reward
[0.04] | 0 | 1.0
0.04053639993071556 | 0 | 1.0
0.035639263689517975 | 0 | 1.0
0.026842890307307243 | 0 | 1.0
0.01414563413709402 | 0 | 1.0
-0.0024556347634643316 | 0 | 1.0
-0.022965185344219208 | 0 | 1.0
-0.04738786071538925 | 0 | 1.0
-0.07572828978300095 | 0 | 1.0
-0.10798981040716171 | 0 | 1.0
Total reward: 10.0
0.0, 0.0, 0.0, 0.0, 0.0, 0.0, 0.0, 0.0, 0.0, 0.0
parameter ends

state | action | reward
[0.03] | 0 | 1.0
0.027556903660297394 | 0 | 1.0
0.023897822946310043 | 0 | 1.0
0.016348883509635925 | 0 | 1.0
0.004908418282866478 | 0 | 1.0
-0.010426904074847698 | 0 | 1.0
-0.02966178022325039 | 0 | 1.0
-0.05280179902911186 | 0 | 1.0
-0.07985276728868484 | 0 | 1.0
-0.11081977933645248 | 0 | 1.0
Total reward: 10.0
0.0, 0.0, 0.0, 0.0, 0.0, 0.0, 0.0, 0.0, 0.0, 0.0
parameter ends

state | action | reward
[0.01] | 0 | 1.0
0.011363109573721886 | 0 | 1.0
0.008217072114348412 | 0 | 1.0
0.0011594380484893918 | 0 | 1.0
-0.009811013005673885 | 0 | 1.0
-0.024696746841073036 | 0 | 1.0
-0.04350106418132782 | 0 | 1.0
-0.06622745841741562 | 0 | 1.0
-0.09287871420383453 | 0 | 1.0
Total reward: 9.0
0.0, 0.0, 0.0, 0.0, 0.0, 0.0, 0.0, 0.0, 0.0, 0.0
parameter ends

state | action | reward
[-0.05] | 0 | 1.0
-0.04482569918036461 | 0 | 1.0
-0.0481426864862442 | 0 | 1.0
-0.05536942929029465 | 0 | 1.0
-0.06650716066360474 | 0 | 1.0
-0.08155841380357742 | 0 | 1.0
-0.10052663087844849 | 0 | 1.0
-0.1234155148267746 | 0 | 1.0
-0.15022820234298706 | 0 | 1.0
Total reward: 9.0
0.0, 0.0, 0.0, 0.0, 0.0, 0.0, 0.0, 0.0, 0.0, 0.0
parameter ends

state | action | reward
[0.04] | 0 | 1.0
0.04097862169146538 | 0 | 1.0
0.03680185228586197 | 0 | 1.0
0.028716227039694786 | 0 | 1.0
0.016720345243811607 | 0 | 1.0
0.0008115203236229718 | 0 | 1.0
-0.019013816490769386 | 0 | 1.0
-0.0427594818174839 | 0 | 1.0
-0.07042865455150604 | 0 | 1.0
Total reward: 9.0
