6.0, 6.0, 6.0, 6.0, 6.0, 6.0, 6.0, 6.0, 6.0, 6.0
parameter ends

state | action | reward
[0.04] | 0 | 1.0
0.03867380693554878 | 0 | 1.0
0.035064928233623505 | 0 | 1.0
0.027560237795114517 | 0 | 1.0
0.016158124431967735 | 0 | 1.0
0.0008554051746614277 | 0 | 1.0
-0.018352339044213295 | 0 | 1.0
-0.0414702408015728 | 0 | 1.0
-0.06850340217351913 | 0 | 1.0
-0.09945590049028397 | 0 | 1.0
Total reward: 10.0
6.0, 6.0, 6.0, 6.0, 6.0, 6.0, 6.0, 6.0, 6.0, 6.0
parameter ends

state | action | reward
[0.05] | 0 | 1.0
0.05083385854959488 | 0 | 1.0
0.04791687801480293 | 0 | 1.0
0.041096609085798264 | 0 | 1.0
0.030371345579624176 | 0 | 1.0
0.01573801226913929 | 0 | 1.0
-0.0028074649162590504 | 0 | 1.0
-0.025269534438848495 | 0 | 1.0
-0.05165216699242592 | 0 | 1.0
Total reward: 9.0
6.0, 6.0, 6.0, 6.0, 6.0, 6.0, 6.0, 6.0, 6.0, 6.0
parameter ends

state | action | reward
[0.] | 0 | 1.0
0.004703243728727102 | 0 | 1.0
0.0009910166263580322 | 0 | 1.0
-0.006628267467021942 | 0 | 1.0
-0.01815604791045189 | 0 | 1.0
-0.03359510377049446 | 0 | 1.0
-0.05294914171099663 | 0 | 1.0
-0.07622219622135162 | 0 | 1.0
-0.10341772437095642 | 0 | 1.0
Total reward: 9.0
6.0, 6.0, 6.0, 6.0, 6.0, 6.0, 6.0, 6.0, 6.0, 6.0
parameter ends

state | action | reward
[0.04] | 0 | 1.0
0.03602025657892227 | 0 | 1.0
0.0317864790558815 | 0 | 1.0
0.023661727085709572 | 0 | 1.0
0.011643917299807072 | 0 | 1.0
-0.004270630888640881 | 0 | 1.0
-0.024086840450763702 | 0 | 1.0
-0.04781035706400871 | 0 | 1.0
-0.07544679939746857 | 0 | 1.0
-0.10700076073408127 | 0 | 1.0
Total reward: 10.0
6.0, 6.0, 6.0, 6.0, 6.0, 6.0, 6.0, 6.0, 6.0, 6.0
parameter ends

state | action | reward
[-0.01] | 0 | 1.0
-0.014474576339125633 | 0 | 1.0
-0.01816069707274437 | 0 | 1.0
-0.025760192424058914 | 0 | 1.0
-0.03727448359131813 | 0 | 1.0
-0.05270612984895706 | 0 | 1.0
-0.07205837219953537 | 0 | 1.0
-0.09533442556858063 | 0 | 1.0
Total reward: 8.0
6.0, 6.0, 6.0, 6.0, 6.0, 6.0, 6.0, 6.0, 6.0, 6.0
parameter ends

state | action | reward
[-0.01] | 0 | 1.0
-0.008338941261172295 | 0 | 1.0
-0.013037256896495819 | 0 | 1.0
-0.02162778191268444 | 0 | 1.0
-0.03411233797669411 | 0 | 1.0
-0.05049435794353485 | 0 | 1.0
-0.07077854871749878 | 0 | 1.0
-0.09497037529945374 | 0 | 1.0
-0.12307536602020264 | 0 | 1.0
-0.1550980806350708 | 0 | 1.0
Total reward: 10.0
6.0, 6.0, 6.0, 6.0, 6.0, 6.0, 6.0, 6.0, 6.0, 6.0
parameter ends

state | action | reward
[0.01] | 0 | 1.0
0.008412668481469154 | 0 | 1.0
0.00437644449993968 | 0 | 1.0
-0.0035719899460673332 | 0 | 1.0
-0.015434199012815952 | 0 | 1.0
-0.03121289610862732 | 0 | 1.0
-0.05091146379709244 | 0 | 1.0
-0.07453324645757675 | 0 | 1.0
Total reward: 8.0
6.0, 6.0, 6.0, 6.0, 6.0, 6.0, 6.0, 6.0, 6.0, 6.0
parameter ends

state | action | reward
[-0.03] | 0 | 1.0
-0.03004620037972927 | 0 | 1.0
-0.03456105664372444 | 0 | 1.0
-0.042963575571775436 | 0 | 1.0
-0.055255722254514694 | 0 | 1.0
-0.07144113630056381 | 0 | 1.0
-0.09152478724718094 | 0 | 1.0
-0.11551253497600555 | 0 | 1.0
-0.14341039955615997 | 0 | 1.0
-0.17522363364696503 | 0 | 1.0
-0.21095553040504456 | 0 | 1.0
Total reward: 11.0
6.0, 6.0, 6.0, 6.0, 6.0, 6.0, 6.0, 6.0, 6.0, 6.0
parameter ends

state | action | reward
[-0.05] | 0 | 1.0
-0.047095946967601776 | 0 | 1.0
-0.05040572211146355 | 0 | 1.0
-0.05763041228055954 | 0 | 1.0
-0.06877131760120392 | 0 | 1.0
-0.08383086323738098 | 0 | 1.0
-0.10281210392713547 | 0 | 1.0
-0.12571807205677032 | 0 | 1.0
Total reward: 8.0
6.0, 6.0, 6.0, 6.0, 6.0, 6.0, 6.0, 6.0, 6.0, 6.0
parameter ends

state | action | reward
[-0.02] | 0 | 1.0
-0.022163109853863716 | 0 | 1.0
-0.02592487819492817 | 0 | 1.0
-0.03357792645692825 | 0 | 1.0
-0.04512421414256096 | 0 | 1.0
-0.06056730076670647 | 0 | 1.0
-0.07991202175617218 | 0 | 1.0
-0.10316396504640579 | 0 | 1.0
-0.1303287297487259 | 0 | 1.0
-0.16141095757484436 | 0 | 1.0
Total reward: 10.0
6.0, 6.0, 6.0, 6.0, 6.0, 6.0, 6.0, 6.0, 6.0, 6.0
parameter ends

state | action | reward
[0.03] | 0 | 1.0
0.024997731670737267 | 0 | 1.0
0.02078225649893284 | 0 | 1.0
0.012677958235144615 | 0 | 1.0
0.0006830106140114367 | 0 | 1.0
-0.015206079930067062 | 0 | 1.0
-0.034994158893823624 | 0 | 1.0
-0.05868694931268692 | 0 | 1.0
-0.08629035204648972 | 0 | 1.0
-0.11780953407287598 | 0 | 1.0
Total reward: 10.0
6.0, 6.0, 6.0, 6.0, 6.0, 6.0, 6.0, 6.0, 6.0, 6.0
parameter ends

state | action | reward
[-0.03] | 0 | 1.0
-0.03256867825984955 | 0 | 1.0
-0.037414681166410446 | 0 | 1.0
-0.04617275670170784 | 0 | 1.0
-0.0588444359600544 | 0 | 1.0
-0.07543240487575531 | 0 | 1.0
-0.09594005346298218 | 0 | 1.0
-0.12037074565887451 | 0 | 1.0
Total reward: 8.0
6.0, 6.0, 6.0, 6.0, 6.0, 6.0, 6.0, 6.0, 6.0, 6.0
parameter ends

state | action | reward
[0.03] | 0 | 1.0
0.02864745818078518 | 0 | 1.0
0.024905238300561905 | 0 | 1.0
0.01724783331155777 | 0 | 1.0
0.005674067419022322 | 0 | 1.0
-0.009818373247981071 | 0 | 1.0
-0.02923249453306198 | 0 | 1.0
-0.052571315318346024 | 0 | 1.0
Total reward: 8.0
6.0, 6.0, 6.0, 6.0, 6.0, 6.0, 6.0, 6.0, 6.0, 6.0
parameter ends

state | action | reward
[0.01] | 0 | 1.0
0.010643665678799152 | 0 | 1.0
0.00637824647128582 | 0 | 1.0
-0.0017771279672160745 | 0 | 1.0
-0.013824373483657837 | 0 | 1.0
-0.02976704202592373 | 0 | 1.0
-0.049609992653131485 | 0 | 1.0
-0.07335889339447021 | 0 | 1.0
-0.10101951658725739 | 0 | 1.0
-0.13259676098823547 | 0 | 1.0
Total reward: 10.0
6.0, 6.0, 6.0, 6.0, 6.0, 6.0, 6.0, 6.0, 6.0, 6.0
parameter ends

state | action | reward
[-0.04] | 0 | 1.0
-0.035808712244033813 | 0 | 1.0
-0.039070095866918564 | 0 | 1.0
-0.046238917857408524 | 0 | 1.0
-0.057316750288009644 | 0 | 1.0
-0.07230647653341293 | 0 | 1.0
-0.09121185541152954 | 0 | 1.0
-0.11403685063123703 | 0 | 1.0
-0.14078478515148163 | 0 | 1.0
Total reward: 9.0
6.0, 6.0, 6.0, 6.0, 6.0, 6.0, 6.0, 6.0, 6.0, 6.0
parameter ends

state | action | reward
[-0.02] | 0 | 1.0
-0.020317887887358665 | 0 | 1.0
-0.023541176691651344 | 0 | 1.0
-0.030669689178466797 | 0 | 1.0
-0.041705064475536346 | 0 | 1.0
-0.05665028840303421 | 0 | 1.0
-0.07550928741693497 | 0 | 1.0
-0.09828630089759827 | 0 | 1.0
-0.1249849945306778 | 0 | 1.0
Total reward: 9.0
6.0, 6.0, 6.0, 6.0, 6.0, 6.0, 6.0, 6.0, 6.0, 6.0
parameter ends

state | action | reward
[0.04] | 0 | 1.0
0.04422523081302643 | 0 | 1.0
0.039993226528167725 | 0 | 1.0
0.03186388686299324 | 0 | 1.0
0.019835378974676132 | 0 | 1.0
0.0039043601136654615 | 0 | 1.0
-0.01593364216387272 | 0 | 1.0
-0.03968368098139763 | 0 | 1.0
-0.0673505961894989 | 0 | 1.0
-0.09893792122602463 | 0 | 1.0
Total reward: 10.0
6.0, 6.0, 6.0, 6.0, 6.0, 6.0, 6.0, 6.0, 6.0, 6.0
parameter ends

state | action | reward
[0.04] | 0 | 1.0
0.04353158548474312 | 0 | 1.0
0.0396597757935524 | 0 | 1.0
0.03187360242009163 | 0 | 1.0
0.020171798765659332 | 0 | 1.0
0.004551959224045277 | 0 | 1.0
-0.014989020302891731 | 0 | 1.0
-0.03845425322651863 | 0 | 1.0
Total reward: 8.0
6.0, 6.0, 6.0, 6.0, 6.0, 6.0, 6.0, 6.0, 6.0, 6.0
parameter ends

state | action | reward
[-0.01] | 0 | 1.0
-0.012466675601899624 | 0 | 1.0
-0.016362154856324196 | 0 | 1.0
-0.02414790540933609 | 0 | 1.0
-0.035825587809085846 | 0 | 1.0
-0.051398519426584244 | 0 | 1.0
-0.07087138295173645 | 0 | 1.0
-0.09424973279237747 | 0 | 1.0
-0.12153933197259903 | 0 | 1.0
-0.15274521708488464 | 0 | 1.0
Total reward: 10.0
6.0, 6.0, 6.0, 6.0, 6.0, 6.0, 6.0, 6.0, 6.0, 6.0
parameter ends

state | action | reward
[-0.03] | 0 | 1.0
-0.03396400064229965 | 0 | 1.0
-0.03769751265645027 | 0 | 1.0
-0.04534617438912392 | 0 | 1.0
-0.05691138654947281 | 0 | 1.0
-0.07239564508199692 | 0 | 1.0
-0.09180202335119247 | 0 | 1.0
-0.11513347923755646 | 0 | 1.0
Total reward: 8.0
