5.8, 5.8, 5.8, 5.8, 5.8, 5.8, 5.8, 5.8, 5.8, 5.8
parameter ends

state | action | reward
[0.01] | 0 | 1.0
0.005522120278328657 | 0 | 1.0
0.0006800902192480862 | 0 | 1.0
-0.008063999935984612 | 0 | 1.0
-0.020711829885840416 | 0 | 1.0
-0.03726650029420853 | 0 | 1.0
-0.05773215368390083 | 0 | 1.0
-0.0821133553981781 | 0 | 1.0
-0.1104143038392067 | 0 | 1.0
Total reward: 9.0
5.8, 5.8, 5.8, 5.8, 5.8, 5.8, 5.8, 5.8, 5.8, 5.8
parameter ends

state | action | reward
[0.05] | 0 | 1.0
0.046829354017972946 | 0 | 1.0
0.04352588579058647 | 0 | 1.0
0.03632544353604317 | 0 | 1.0
0.025226134806871414 | 0 | 1.0
0.010224554687738419 | 0 | 1.0
-0.008683828637003899 | 0 | 1.0
-0.031504109501838684 | 0 | 1.0
-0.05824115872383118 | 0 | 1.0
-0.08889852464199066 | 0 | 1.0
Total reward: 10.0
5.8, 5.8, 5.8, 5.8, 5.8, 5.8, 5.8, 5.8, 5.8, 5.8
parameter ends

state | action | reward
[0.03] | 0 | 1.0
0.030532030388712883 | 0 | 1.0
0.025970924645662308 | 0 | 1.0
0.017510361969470978 | 0 | 1.0
0.0051486860029399395 | 0 | 1.0
-0.011117246001958847 | 0 | 1.0
-0.03129170089960098 | 0 | 1.0
-0.05537950620055199 | 0 | 1.0
-0.08338525146245956 | 0 | 1.0
-0.11531221866607666 | 0 | 1.0
Total reward: 10.0
5.8, 5.8, 5.8, 5.8, 5.8, 5.8, 5.8, 5.8, 5.8, 5.8
parameter ends

state | action | reward
[-0.04] | 0 | 1.0
-0.045439667999744415 | 0 | 1.0
-0.04995319992303848 | 0 | 1.0
-0.058365996927022934 | 0 | 1.0
-0.070679672062397 | 0 | 1.0
-0.0868973359465599 | 0 | 1.0
-0.10702325403690338 | 0 | 1.0
-0.13106225430965424 | 0 | 1.0
-0.15901897847652435 | 0 | 1.0
-0.19089677929878235 | 0 | 1.0
Total reward: 10.0
5.8, 5.8, 5.8, 5.8, 5.8, 5.8, 5.8, 5.8, 5.8, 5.8
parameter ends

state | action | reward
[-0.] | 0 | 1.0
-0.0035570901818573475 | 0 | 1.0
-0.006797594018280506 | 0 | 1.0
-0.013932098634541035 | 0 | 1.0
-0.02496245875954628 | 0 | 1.0
-0.03989209979772568 | 0 | 1.0
-0.05872567370533943 | 0 | 1.0
-0.08146851509809494 | 0 | 1.0
-0.10812591016292572 | 0 | 1.0
-0.13870206475257874 | 0 | 1.0
Total reward: 10.0
5.8, 5.8, 5.8, 5.8, 5.8, 5.8, 5.8, 5.8, 5.8, 5.8
parameter ends

state | action | reward
[0.04] | 0 | 1.0
0.03729553520679474 | 0 | 1.0
0.03349292278289795 | 0 | 1.0
0.02578655071556568 | 0 | 1.0
0.014175021089613438 | 0 | 1.0
-0.0013444969663396478 | 0 | 1.0
-0.020775893703103065 | 0 | 1.0
-0.04412354528903961 | 0 | 1.0
-0.0713915005326271 | 0 | 1.0
Total reward: 9.0
5.8, 5.8, 5.8, 5.8, 5.8, 5.8, 5.8, 5.8, 5.8, 5.8
parameter ends

state | action | reward
[0.03] | 0 | 1.0
0.026095135137438774 | 0 | 1.0
0.022052157670259476 | 0 | 1.0
0.014105592854321003 | 0 | 1.0
0.0022541002836078405 | 0 | 1.0
-0.013505103066563606 | 0 | 1.0
-0.03317588195204735 | 0 | 1.0
-0.05676262453198433 | 0 | 1.0
-0.08426942676305771 | 0 | 1.0
Total reward: 9.0
5.8, 5.8, 5.8, 5.8, 5.8, 5.8, 5.8, 5.8, 5.8, 5.8
parameter ends

state | action | reward
[-0.04] | 0 | 1.0
-0.04328979179263115 | 0 | 1.0
-0.047323573380708694 | 0 | 1.0
-0.055263157933950424 | 0 | 1.0
-0.0671100839972496 | 0 | 1.0
-0.08286722749471664 | 0 | 1.0
-0.10253842920064926 | 0 | 1.0
-0.12612785398960114 | 0 | 1.0
-0.15363913774490356 | 0 | 1.0
Total reward: 9.0
5.8, 5.8, 5.8, 5.8, 5.8, 5.8, 5.8, 5.8, 5.8, 5.8
parameter ends

state | action | reward
[-0.03] | 0 | 1.0
-0.026503566652536392 | 0 | 1.0
-0.029714098200201988 | 0 | 1.0
-0.036833807826042175 | 0 | 1.0
-0.04786429926753044 | 0 | 1.0
-0.06280840933322906 | 0 | 1.0
-0.08166977018117905 | 0 | 1.0
-0.10445214062929153 | 0 | 1.0
-0.1311584711074829 | 0 | 1.0
Total reward: 9.0
5.8, 5.8, 5.8, 5.8, 5.8, 5.8, 5.8, 5.8, 5.8, 5.8
parameter ends

state | action | reward
[0.04] | 0 | 1.0
0.03676542267203331 | 0 | 1.0
0.033771634101867676 | 0 | 1.0
0.026867426931858063 | 0 | 1.0
0.01605132222175598 | 0 | 1.0
0.0013206200674176216 | 0 | 1.0
-0.0173281729221344 | 0 | 1.0
-0.039898667484521866 | 0 | 1.0
-0.06639367341995239 | 0 | 1.0
Total reward: 9.0
5.8, 5.8, 5.8, 5.8, 5.8, 5.8, 5.8, 5.8, 5.8, 5.8
parameter ends

state | action | reward
[-0.05] | 0 | 1.0
-0.04974793270230293 | 0 | 1.0
-0.05367358773946762 | 0 | 1.0
-0.06150361895561218 | 0 | 1.0
-0.07323984801769257 | 0 | 1.0
-0.08888542652130127 | 0 | 1.0
-0.10844442248344421 | 0 | 1.0
-0.13192115724086761 | 0 | 1.0
-0.15931935608386993 | 0 | 1.0
Total reward: 9.0
5.8, 5.8, 5.8, 5.8, 5.8, 5.8, 5.8, 5.8, 5.8, 5.8
parameter ends

state | action | reward
[0.] | 0 | 1.0
0.00296481279656291 | 0 | 1.0
-0.0008857185021042824 | 0 | 1.0
-0.00864127092063427 | 0 | 1.0
-0.02030331827700138 | 0 | 1.0
-0.03587471693754196 | 0 | 1.0
-0.05535931885242462 | 0 | 1.0
-0.07876137644052505 | 0 | 1.0
-0.10608469694852829 | 0 | 1.0
Total reward: 9.0
5.8, 5.8, 5.8, 5.8, 5.8, 5.8, 5.8, 5.8, 5.8, 5.8
parameter ends

state | action | reward
[0.05] | 0 | 1.0
0.0493624284863472 | 0 | 1.0
0.046091191470623016 | 0 | 1.0
0.038917310535907745 | 0 | 1.0
0.027839377522468567 | 0 | 1.0
0.012854538857936859 | 0 | 1.0
-0.006041157990694046 | 0 | 1.0
-0.028852196410298347 | 0 | 1.0
-0.05558279529213905 | 0 | 1.0
-0.08623582124710083 | 0 | 1.0
Total reward: 10.0
5.8, 5.8, 5.8, 5.8, 5.8, 5.8, 5.8, 5.8, 5.8, 5.8
parameter ends

state | action | reward
[-0.01] | 0 | 1.0
-0.014512612484395504 | 0 | 1.0
-0.01846967078745365 | 0 | 1.0
-0.026330385357141495 | 0 | 1.0
-0.038096532225608826 | 0 | 1.0
-0.0537712499499321 | 0 | 1.0
-0.07335863262414932 | 0 | 1.0
-0.09686309844255447 | 0 | 1.0
-0.12428849190473557 | 0 | 1.0
Total reward: 9.0
5.8, 5.8, 5.8, 5.8, 5.8, 5.8, 5.8, 5.8, 5.8, 5.8
parameter ends

state | action | reward
[0.03] | 0 | 1.0
0.034011032432317734 | 0 | 1.0
0.029861444607377052 | 0 | 1.0
0.021803604438900948 | 0 | 1.0
0.00983580481261015 | 0 | 1.0
-0.006044905632734299 | 0 | 1.0
-0.025842271745204926 | 0 | 1.0
-0.04956015944480896 | 0 | 1.0
-0.07720161229372025 | 0 | 1.0
Total reward: 9.0
5.8, 5.8, 5.8, 5.8, 5.8, 5.8, 5.8, 5.8, 5.8, 5.8
parameter ends

state | action | reward
[-0.04] | 0 | 1.0
-0.04522046074271202 | 0 | 1.0
-0.04965738579630852 | 0 | 1.0
-0.05800512060523033 | 0 | 1.0
-0.07026488333940506 | 0 | 1.0
-0.08643917739391327 | 0 | 1.0
-0.10653135180473328 | 0 | 1.0
-0.1305450052022934 | 0 | 1.0
-0.15848305821418762 | 0 | 1.0
Total reward: 9.0
5.8, 5.8, 5.8, 5.8, 5.8, 5.8, 5.8, 5.8, 5.8, 5.8
parameter ends

state | action | reward
[0.02] | 0 | 1.0
0.019195636734366417 | 0 | 1.0
0.016059473156929016 | 0 | 1.0
0.009016848169267178 | 0 | 1.0
-0.0019338598940521479 | 0 | 1.0
-0.01679559051990509 | 0 | 1.0
-0.03557218238711357 | 0 | 1.0
-0.05826772749423981 | 0 | 1.0
-0.08488567918539047 | 0 | 1.0
Total reward: 9.0
5.8, 5.8, 5.8, 5.8, 5.8, 5.8, 5.8, 5.8, 5.8, 5.8
parameter ends

state | action | reward
[-0.05] | 0 | 1.0
-0.04686213284730911 | 0 | 1.0
-0.05085942521691322 | 0 | 1.0
-0.05874589830636978 | 0 | 1.0
-0.07052356749773026 | 0 | 1.0
-0.08619607985019684 | 0 | 1.0
-0.10576838254928589 | 0 | 1.0
-0.12924623489379883 | 0 | 1.0
-0.15663549304008484 | 0 | 1.0
-0.18794111907482147 | 0 | 1.0
Total reward: 10.0
5.8, 5.8, 5.8, 5.8, 5.8, 5.8, 5.8, 5.8, 5.8, 5.8
parameter ends

state | action | reward
[0.02] | 0 | 1.0
0.02069283090531826 | 0 | 1.0
0.01745232194662094 | 0 | 1.0
0.010301854461431503 | 0 | 1.0
-0.0007600674289278686 | 0 | 1.0
-0.015736181288957596 | 0 | 1.0
-0.03463002294301987 | 0 | 1.0
-0.05744526535272598 | 0 | 1.0
-0.08418478071689606 | 0 | 1.0
Total reward: 9.0
5.8, 5.8, 5.8, 5.8, 5.8, 5.8, 5.8, 5.8, 5.8, 5.8
parameter ends

state | action | reward
[0.01] | 0 | 1.0
0.01455068588256836 | 0 | 1.0
0.010556665249168873 | 0 | 1.0
0.00265702186152339 | 0 | 1.0
-0.009149852208793163 | 0 | 1.0
-0.02486690692603588 | 0 | 1.0
-0.0444980263710022 | 0 | 1.0
-0.06804739683866501 | 0 | 1.0
-0.09551864862442017 | 0 | 1.0
Total reward: 9.0
