5.0, 5.0, 5.0, 5.0, 5.0, 5.0, 5.0, 5.0, 5.0, 5.0
parameter ends

state | action | reward
[0.02] | 0 | 1.0
0.02062891237437725 | 0 | 1.0
0.015835175290703773 | 0 | 1.0
0.0071401335299015045 | 0 | 1.0
-0.005458049476146698 | 0 | 1.0
-0.021962624043226242 | 0 | 1.0
-0.04237785190343857 | 0 | 1.0
-0.06670840084552765 | 0 | 1.0
-0.09495849907398224 | 0 | 1.0
Total reward: 9.0
5.0, 5.0, 5.0, 5.0, 5.0, 5.0, 5.0, 5.0, 5.0, 5.0
parameter ends

state | action | reward
[0.01] | 0 | 1.0
0.011530604213476181 | 0 | 1.0
0.007696705404669046 | 0 | 1.0
-5.170228541828692e-05 | 0 | 1.0
-0.011715798638761044 | 0 | 1.0
-0.02729792520403862 | 0 | 1.0
-0.046801142394542694 | 0 | 1.0
-0.07022856175899506 | 0 | 1.0
Total reward: 8.0
5.0, 5.0, 5.0, 5.0, 5.0, 5.0, 5.0, 5.0, 5.0, 5.0
parameter ends

state | action | reward
[0.02] | 0 | 1.0
0.018417658284306526 | 0 | 1.0
0.01452065259218216 | 0 | 1.0
0.0067266179248690605 | 0 | 1.0
-0.004965995438396931 | 0 | 1.0
-0.020560292527079582 | 0 | 1.0
-0.04006059467792511 | 0 | 1.0
-0.06347191333770752 | 0 | 1.0
-0.09079921990633011 | 0 | 1.0
-0.12204639613628387 | 0 | 1.0
Total reward: 10.0
5.0, 5.0, 5.0, 5.0, 5.0, 5.0, 5.0, 5.0, 5.0, 5.0
parameter ends

state | action | reward
[-0.01] | 0 | 1.0
-0.010643295012414455 | 0 | 1.0
-0.014057437889277935 | 0 | 1.0
-0.021375449374318123 | 0 | 1.0
-0.032599154859781265 | 0 | 1.0
-0.04773172736167908 | 0 | 1.0
-0.06677726656198502 | 0 | 1.0
-0.08974015712738037 | 0 | 1.0
-0.11662420630455017 | 0 | 1.0
Total reward: 9.0
5.0, 5.0, 5.0, 5.0, 5.0, 5.0, 5.0, 5.0, 5.0, 5.0
parameter ends

state | action | reward
[-0.03] | 0 | 1.0
-0.034454137086868286 | 0 | 1.0
-0.037802208214998245 | 0 | 1.0
-0.045039791613817215 | 0 | 1.0
-0.0561685785651207 | 0 | 1.0
-0.0711919367313385 | 0 | 1.0
-0.09011459350585938 | 0 | 1.0
-0.112942174077034 | 0 | 1.0
-0.13968051970005035 | 0 | 1.0
-0.17033477127552032 | 0 | 1.0
-0.2049081176519394 | 0 | 1.0
Total reward: 11.0
5.0, 5.0, 5.0, 5.0, 5.0, 5.0, 5.0, 5.0, 5.0, 5.0
parameter ends

state | action | reward
[-0.03] | 0 | 1.0
-0.032365527004003525 | 0 | 1.0
-0.03706219047307968 | 0 | 1.0
-0.04566803574562073 | 0 | 1.0
-0.058184631168842316 | 0 | 1.0
-0.07461477816104889 | 0 | 1.0
-0.09496211260557175 | 0 | 1.0
-0.11923038214445114 | 0 | 1.0
-0.14742256700992584 | 0 | 1.0
Total reward: 9.0
5.0, 5.0, 5.0, 5.0, 5.0, 5.0, 5.0, 5.0, 5.0, 5.0
parameter ends

state | action | reward
[0.03] | 0 | 1.0
0.02832448109984398 | 0 | 1.0
0.02406661957502365 | 0 | 1.0
0.015908854082226753 | 0 | 1.0
0.003849591128528118 | 0 | 1.0
-0.012114248238503933 | 0 | 1.0
-0.03198687359690666 | 0 | 1.0
-0.0557730533182621 | 0 | 1.0
-0.08347734063863754 | 0 | 1.0
-0.11510298401117325 | 0 | 1.0
Total reward: 10.0
5.0, 5.0, 5.0, 5.0, 5.0, 5.0, 5.0, 5.0, 5.0, 5.0
parameter ends

state | action | reward
[-0.02] | 0 | 1.0
-0.022410284727811813 | 0 | 1.0
-0.026467762887477875 | 0 | 1.0
-0.03441954776644707 | 0 | 1.0
-0.046267226338386536 | 0 | 1.0
-0.06201399117708206 | 0 | 1.0
-0.0816643089056015 | 0 | 1.0
-0.10522342473268509 | 0 | 1.0
-0.13269662857055664 | 0 | 1.0
-0.16408830881118774 | 0 | 1.0
Total reward: 10.0
5.0, 5.0, 5.0, 5.0, 5.0, 5.0, 5.0, 5.0, 5.0, 5.0
parameter ends

state | action | reward
[0.01] | 0 | 1.0
0.011011099442839622 | 0 | 1.0
0.007374763023108244 | 0 | 1.0
-0.00017721363110467792 | 0 | 1.0
-0.011646249331533909 | 0 | 1.0
-0.027034817263484 | 0 | 1.0
-0.04634595662355423 | 0 | 1.0
-0.06958253681659698 | 0 | 1.0
Total reward: 8.0
5.0, 5.0, 5.0, 5.0, 5.0, 5.0, 5.0, 5.0, 5.0, 5.0
parameter ends

state | action | reward
[-0.03] | 0 | 1.0
-0.03198833391070366 | 0 | 1.0
-0.035736311227083206 | 0 | 1.0
-0.04339204356074333 | 0 | 1.0
-0.05495717003941536 | 0 | 1.0
-0.07043460756540298 | 0 | 1.0
-0.08982811868190765 | 0 | 1.0
-0.11314162611961365 | 0 | 1.0
-0.14037834107875824 | 0 | 1.0
Total reward: 9.0
5.0, 5.0, 5.0, 5.0, 5.0, 5.0, 5.0, 5.0, 5.0, 5.0
parameter ends

state | action | reward
[-0.05] | 0 | 1.0
-0.04687020555138588 | 0 | 1.0
-0.05047346651554108 | 0 | 1.0
-0.05797896161675453 | 0 | 1.0
-0.06938859075307846 | 0 | 1.0
-0.08470563590526581 | 0 | 1.0
-0.10393433272838593 | 0 | 1.0
-0.12707926332950592 | 0 | 1.0
-0.15414443612098694 | 0 | 1.0
Total reward: 9.0
5.0, 5.0, 5.0, 5.0, 5.0, 5.0, 5.0, 5.0, 5.0, 5.0
parameter ends

state | action | reward
[0.02] | 0 | 1.0
0.018822085112333298 | 0 | 1.0
0.014808728359639645 | 0 | 1.0
0.006889645475894213 | 0 | 1.0
-0.004936574026942253 | 0 | 1.0
-0.020672718062996864 | 0 | 1.0
-0.04032256826758385 | 0 | 1.0
-0.06389029324054718 | 0 | 1.0
-0.09137962013483047 | 0 | 1.0
Total reward: 9.0
5.0, 5.0, 5.0, 5.0, 5.0, 5.0, 5.0, 5.0, 5.0, 5.0
parameter ends

state | action | reward
[-0.01] | 0 | 1.0
-0.01453864574432373 | 0 | 1.0
-0.018383445218205452 | 0 | 1.0
-0.026135975494980812 | 0 | 1.0
-0.03779792785644531 | 0 | 1.0
-0.05337226390838623 | 0 | 1.0
-0.07286275178194046 | 0 | 1.0
-0.09627334028482437 | 0 | 1.0
-0.12360718101263046 | 0 | 1.0
Total reward: 9.0
5.0, 5.0, 5.0, 5.0, 5.0, 5.0, 5.0, 5.0, 5.0, 5.0
parameter ends

state | action | reward
[0.01] | 0 | 1.0
0.014743225648999214 | 0 | 1.0
0.010634714737534523 | 0 | 1.0
0.002621658844873309 | 0 | 1.0
-0.009297605603933334 | 0 | 1.0
-0.025126105174422264 | 0 | 1.0
-0.04486781731247902 | 0 | 1.0
-0.06852705776691437 | 0 | 1.0
-0.0961076021194458 | 0 | 1.0
Total reward: 9.0
5.0, 5.0, 5.0, 5.0, 5.0, 5.0, 5.0, 5.0, 5.0, 5.0
parameter ends

state | action | reward
[-0.02] | 0 | 1.0
-0.01769605465233326 | 0 | 1.0
-0.02074079029262066 | 0 | 1.0
-0.02768300101161003 | 0 | 1.0
-0.03852451592683792 | 0 | 1.0
-0.0532686673104763 | 0 | 1.0
-0.07191992551088333 | 0 | 1.0
-0.09448333084583282 | 0 | 1.0
-0.1209636926651001 | 0 | 1.0
-0.1513645350933075 | 0 | 1.0
Total reward: 10.0
5.0, 5.0, 5.0, 5.0, 5.0, 5.0, 5.0, 5.0, 5.0, 5.0
parameter ends

state | action | reward
[-0.02] | 0 | 1.0
-0.015142612159252167 | 0 | 1.0
-0.018252788111567497 | 0 | 1.0
-0.025274060666561127 | 0 | 1.0
-0.03620794415473938 | 0 | 1.0
-0.051057152450084686 | 0 | 1.0
-0.06982514262199402 | 0 | 1.0
-0.09251543134450912 | 0 | 1.0
-0.11913064122200012 | 0 | 1.0
Total reward: 9.0
5.0, 5.0, 5.0, 5.0, 5.0, 5.0, 5.0, 5.0, 5.0, 5.0
parameter ends

state | action | reward
[-0.02] | 0 | 1.0
-0.02167750895023346 | 0 | 1.0
-0.025318864732980728 | 0 | 1.0
-0.03285872936248779 | 0 | 1.0
-0.04429899528622627 | 0 | 1.0
-0.05964302644133568 | 0 | 1.0
-0.07889527827501297 | 0 | 1.0
-0.10206069052219391 | 0 | 1.0
-0.12914390861988068 | 0 | 1.0
-0.16014817357063293 | 0 | 1.0
Total reward: 10.0
5.0, 5.0, 5.0, 5.0, 5.0, 5.0, 5.0, 5.0, 5.0, 5.0
parameter ends

state | action | reward
[0.02] | 0 | 1.0
0.02407369576394558 | 0 | 1.0
0.020294565707445145 | 0 | 1.0
0.012616617605090141 | 0 | 1.0
0.0010380622697994113 | 0 | 1.0
-0.01444437075406313 | 0 | 1.0
-0.03383505716919899 | 0 | 1.0
-0.05713890492916107 | 0 | 1.0
-0.08436054736375809 | 0 | 1.0
-0.11550325155258179 | 0 | 1.0
Total reward: 10.0
5.0, 5.0, 5.0, 5.0, 5.0, 5.0, 5.0, 5.0, 5.0, 5.0
parameter ends

state | action | reward
[-0.] | 0 | 1.0
-0.002431208733469248 | 0 | 1.0
-0.0071090469136834145 | 0 | 1.0
-0.015694044530391693 | 0 | 1.0
-0.028187507763504982 | 0 | 1.0
-0.044592104852199554 | 0 | 1.0
-0.06491147726774216 | 0 | 1.0
-0.08914963901042938 | 0 | 1.0
-0.11731012165546417 | 0 | 1.0
Total reward: 9.0
5.0, 5.0, 5.0, 5.0, 5.0, 5.0, 5.0, 5.0, 5.0, 5.0
parameter ends

state | action | reward
[0.05] | 0 | 1.0
0.048432644456624985 | 0 | 1.0
0.04456538334488869 | 0 | 1.0
0.036810193210840225 | 0 | 1.0
0.025165406987071037 | 0 | 1.0
0.009627667255699635 | 0 | 1.0
-0.009807796217501163 | 0 | 1.0
-0.0331466980278492 | 0 | 1.0
-0.060395050793886185 | 0 | 1.0
-0.09155826270580292 | 0 | 1.0
-0.1266399323940277 | 0 | 1.0
Total reward: 11.0
