5.6, 5.6, 5.6, 5.6, 5.6, 5.6, 5.6, 5.6, 5.6, 5.6
parameter ends

state | action | reward
[-0.04] | 0 | 1.0
-0.04519607126712799 | 0 | 1.0
-0.04928179830312729 | 0 | 1.0
-0.05725574493408203 | 0 | 1.0
-0.06911993771791458 | 0 | 1.0
-0.08487804979085922 | 0 | 1.0
-0.10453509539365768 | 0 | 1.0
-0.12809690833091736 | 0 | 1.0
-0.1555694341659546 | 0 | 1.0
-0.18695780634880066 | 0 | 1.0
Total reward: 10.0
5.6, 5.6, 5.6, 5.6, 5.6, 5.6, 5.6, 5.6, 5.6, 5.6
parameter ends

state | action | reward
[0.01] | 0 | 1.0
0.009822476655244827 | 0 | 1.0
0.005975530948489904 | 0 | 1.0
-0.0017718159360811114 | 0 | 1.0
-0.013421264477074146 | 0 | 1.0
-0.028975974768400192 | 0 | 1.0
-0.04844018816947937 | 0 | 1.0
-0.07181864231824875 | 0 | 1.0
-0.0991157740354538 | 0 | 1.0
-0.13033460080623627 | 0 | 1.0
Total reward: 10.0
5.6, 5.6, 5.6, 5.6, 5.6, 5.6, 5.6, 5.6, 5.6, 5.6
parameter ends

state | action | reward
[0.03] | 0 | 1.0
0.027178728953003883 | 0 | 1.0
0.022647850215435028 | 0 | 1.0
0.014220654033124447 | 0 | 1.0
0.001895194873213768 | 0 | 1.0
-0.014331980608403683 | 0 | 1.0
-0.03446546196937561 | 0 | 1.0
-0.05851041525602341 | 0 | 1.0
-0.08647178113460541 | 0 | 1.0
-0.1183532103896141 | 0 | 1.0
Total reward: 10.0
5.6, 5.6, 5.6, 5.6, 5.6, 5.6, 5.6, 5.6, 5.6, 5.6
parameter ends

state | action | reward
[0.03] | 0 | 1.0
0.03228113800287247 | 0 | 1.0
0.028217634186148643 | 0 | 1.0
0.02023893967270851 | 0 | 1.0
0.008343731984496117 | 0 | 1.0
-0.007470404263585806 | 0 | 1.0
-0.02720652148127556 | 0 | 1.0
-0.05086759477853775 | 0 | 1.0
Total reward: 8.0
5.6, 5.6, 5.6, 5.6, 5.6, 5.6, 5.6, 5.6, 5.6, 5.6
parameter ends

state | action | reward
[0.02] | 0 | 1.0
0.02002427726984024 | 0 | 1.0
0.01620039902627468 | 0 | 1.0
0.008477533236145973 | 0 | 1.0
-0.0031462814658880234 | 0 | 1.0
-0.01867445558309555 | 0 | 1.0
-0.038111452013254166 | 0 | 1.0
-0.06146218255162239 | 0 | 1.0
-0.08873118460178375 | 0 | 1.0
-0.1199214980006218 | 0 | 1.0
Total reward: 10.0
5.6, 5.6, 5.6, 5.6, 5.6, 5.6, 5.6, 5.6, 5.6, 5.6
parameter ends

state | action | reward
[-0.01] | 0 | 1.0
-0.009761480614542961 | 0 | 1.0
-0.013038385659456253 | 0 | 1.0
-0.020218275487422943 | 0 | 1.0
-0.031302955001592636 | 0 | 1.0
-0.04629559814929962 | 0 | 1.0
-0.06520035862922668 | 0 | 1.0
-0.08802171796560287 | 0 | 1.0
-0.11476363986730576 | 0 | 1.0
Total reward: 9.0
5.6, 5.6, 5.6, 5.6, 5.6, 5.6, 5.6, 5.6, 5.6, 5.6
parameter ends

state | action | reward
[0.04] | 0 | 1.0
0.03625352680683136 | 0 | 1.0
0.03265024349093437 | 0 | 1.0
0.025142161175608635 | 0 | 1.0
0.013727695681154728 | 0 | 1.0
-0.0015961149474605918 | 0 | 1.0
-0.020833197981119156 | 0 | 1.0
-0.043987832963466644 | 0 | 1.0
-0.0710638016462326 | 0 | 1.0
Total reward: 9.0
5.6, 5.6, 5.6, 5.6, 5.6, 5.6, 5.6, 5.6, 5.6, 5.6
parameter ends

state | action | reward
[0.01] | 0 | 1.0
0.00709889130666852 | 0 | 1.0
0.0026728506200015545 | 0 | 1.0
-0.005653386935591698 | 0 | 1.0
-0.01788156107068062 | 0 | 1.0
-0.03401486948132515 | 0 | 1.0
-0.054057590663433075 | 0 | 1.0
-0.07801448553800583 | 0 | 1.0
-0.10589000582695007 | 0 | 1.0
-0.13768716156482697 | 0 | 1.0
Total reward: 10.0
5.6, 5.6, 5.6, 5.6, 5.6, 5.6, 5.6, 5.6, 5.6, 5.6
parameter ends

state | action | reward
[-0.] | 0 | 1.0
-0.002230374375358224 | 0 | 1.0
-0.006936661433428526 | 0 | 1.0
-0.015556900762021542 | 0 | 1.0
-0.028092456981539726 | 0 | 1.0
-0.044545821845531464 | 0 | 1.0
-0.06492017209529877 | 0 | 1.0
-0.08921865373849869 | 0 | 1.0
Total reward: 8.0
5.6, 5.6, 5.6, 5.6, 5.6, 5.6, 5.6, 5.6, 5.6, 5.6
parameter ends

state | action | reward
[0.02] | 0 | 1.0
0.01598321832716465 | 0 | 1.0
0.012996260076761246 | 0 | 1.0
0.006116518750786781 | 0 | 1.0
-0.004657657817006111 | 0 | 1.0
-0.01932954415678978 | 0 | 1.0
-0.037903714925050735 | 0 | 1.0
-0.06038554385304451 | 0 | 1.0
-0.08678051084280014 | 0 | 1.0
-0.11709321290254593 | 0 | 1.0
Total reward: 10.0
5.6, 5.6, 5.6, 5.6, 5.6, 5.6, 5.6, 5.6, 5.6, 5.6
parameter ends

state | action | reward
[0.05] | 0 | 1.0
0.0489015057682991 | 0 | 1.0
0.045939378440380096 | 0 | 1.0
0.03906245902180672 | 0 | 1.0
0.028269324451684952 | 0 | 1.0
0.013557462953031063 | 0 | 1.0
-0.005076239351183176 | 0 | 1.0
-0.02763478457927704 | 0 | 1.0
Total reward: 8.0
5.6, 5.6, 5.6, 5.6, 5.6, 5.6, 5.6, 5.6, 5.6, 5.6
parameter ends

state | action | reward
[0.01] | 0 | 1.0
0.009242521598935127 | 0 | 1.0
0.005212252028286457 | 0 | 1.0
-0.0027138451114296913 | 0 | 1.0
-0.01453750766813755 | 0 | 1.0
-0.030262025073170662 | 0 | 1.0
-0.049891889095306396 | 0 | 1.0
-0.07343225926160812 | 0 | 1.0
-0.1008882075548172 | 0 | 1.0
-0.1322636902332306 | 0 | 1.0
Total reward: 10.0
5.6, 5.6, 5.6, 5.6, 5.6, 5.6, 5.6, 5.6, 5.6, 5.6
parameter ends

state | action | reward
[-0.04] | 0 | 1.0
-0.037517230957746506 | 0 | 1.0
-0.04237471520900726 | 0 | 1.0
-0.05113951489329338 | 0 | 1.0
-0.06381329149007797 | 0 | 1.0
-0.08039900660514832 | 0 | 1.0
-0.10090045630931854 | 0 | 1.0
-0.125321626663208 | 0 | 1.0
-0.15366578102111816 | 0 | 1.0
Total reward: 9.0
5.6, 5.6, 5.6, 5.6, 5.6, 5.6, 5.6, 5.6, 5.6, 5.6
parameter ends

state | action | reward
[0.04] | 0 | 1.0
0.03852635994553566 | 0 | 1.0
0.0351131334900856 | 0 | 1.0
0.027798200026154518 | 0 | 1.0
0.01657973974943161 | 0 | 1.0
0.0014545255107805133 | 0 | 1.0
-0.017581673339009285 | 0 | 1.0
-0.04053347930312157 | 0 | 1.0
-0.06740506738424301 | 0 | 1.0
Total reward: 9.0
5.6, 5.6, 5.6, 5.6, 5.6, 5.6, 5.6, 5.6, 5.6, 5.6
parameter ends

state | action | reward
[0.01] | 0 | 1.0
0.013812903314828873 | 0 | 1.0
0.010521612130105495 | 0 | 1.0
0.0033330745063722134 | 0 | 1.0
-0.007754263002425432 | 0 | 1.0
-0.022743506357073784 | 0 | 1.0
-0.041638970375061035 | 0 | 1.0
-0.06444565206766129 | 0 | 1.0
-0.09116849303245544 | 0 | 1.0
-0.12181131541728973 | 0 | 1.0
Total reward: 10.0
5.6, 5.6, 5.6, 5.6, 5.6, 5.6, 5.6, 5.6, 5.6, 5.6
parameter ends

state | action | reward
[0.02] | 0 | 1.0
0.017200319096446037 | 0 | 1.0
0.01407978031784296 | 0 | 1.0
0.007063885685056448 | 0 | 1.0
-0.003849214408546686 | 0 | 1.0
-0.018662914633750916 | 0 | 1.0
-0.03738179802894592 | 0 | 1.0
-0.060011088848114014 | 0 | 1.0
-0.08655589818954468 | 0 | 1.0
-0.11702015995979309 | 0 | 1.0
Total reward: 10.0
5.6, 5.6, 5.6, 5.6, 5.6, 5.6, 5.6, 5.6, 5.6, 5.6
parameter ends

state | action | reward
[0.02] | 0 | 1.0
0.019754545763134956 | 0 | 1.0
0.01657966896891594 | 0 | 1.0
0.009494956582784653 | 0 | 1.0
-0.001501123420894146 | 0 | 1.0
-0.01641133800148964 | 0 | 1.0
-0.03523924574255943 | 0 | 1.0
-0.05798852816224098 | 0 | 1.0
-0.0846620574593544 | 0 | 1.0
Total reward: 9.0
5.6, 5.6, 5.6, 5.6, 5.6, 5.6, 5.6, 5.6, 5.6, 5.6
parameter ends

state | action | reward
[-0.04] | 0 | 1.0
-0.042123500257730484 | 0 | 1.0
-0.04569876566529274 | 0 | 1.0
-0.053167425096035004 | 0 | 1.0
-0.06453145295381546 | 0 | 1.0
-0.07979440689086914 | 0 | 1.0
-0.09896102547645569 | 0 | 1.0
-0.12203673273324966 | 0 | 1.0
-0.14902685582637787 | 0 | 1.0
-0.17993563413619995 | 0 | 1.0
Total reward: 10.0
5.6, 5.6, 5.6, 5.6, 5.6, 5.6, 5.6, 5.6, 5.6, 5.6
parameter ends

state | action | reward
[0.01] | 0 | 1.0
0.008184042759239674 | 0 | 1.0
0.004263244569301605 | 0 | 1.0
-0.0035677594132721424 | 0 | 1.0
-0.015310533344745636 | 0 | 1.0
-0.03096785582602024 | 0 | 1.0
-0.050543271005153656 | 0 | 1.0
-0.07404040545225143 | 0 | 1.0
-0.10146202892065048 | 0 | 1.0
Total reward: 9.0
5.6, 5.6, 5.6, 5.6, 5.6, 5.6, 5.6, 5.6, 5.6, 5.6
parameter ends

state | action | reward
[0.02] | 0 | 1.0
0.015225223265588284 | 0 | 1.0
0.010412007570266724 | 0 | 1.0
0.0016960416687652469 | 0 | 1.0
-0.01092422753572464 | 0 | 1.0
-0.027451779693365097 | 0 | 1.0
-0.047890640795230865 | 0 | 1.0
-0.07224530726671219 | 0 | 1.0
-0.10051991790533066 | 0 | 1.0
Total reward: 9.0
