5.3, 5.3, 5.3, 5.3, 5.3, 5.3, 5.3, 5.3, 5.3, 5.3
parameter ends

state | action | reward
[-0.04] | 0 | 1.0
-0.043887536972761154 | 0 | 1.0
-0.04797140881419182 | 0 | 1.0
-0.0559505857527256 | 0 | 1.0
-0.0678267627954483 | 0 | 1.0
-0.08360320329666138 | 0 | 1.0
-0.10328438133001328 | 0 | 1.0
-0.12687550485134125 | 0 | 1.0
-0.15438172221183777 | 0 | 1.0
-0.18580712378025055 | 0 | 1.0
Total reward: 10.0
5.3, 5.3, 5.3, 5.3, 5.3, 5.3, 5.3, 5.3, 5.3, 5.3
parameter ends

state | action | reward
[-0.01] | 0 | 1.0
-0.004704555496573448 | 0 | 1.0
-0.007821004837751389 | 0 | 1.0
-0.014841988682746887 | 0 | 1.0
-0.0257691890001297 | 0 | 1.0
-0.04060564935207367 | 0 | 1.0
-0.05935535579919815 | 0 | 1.0
-0.08202262222766876 | 0 | 1.0
-0.10861121863126755 | 0 | 1.0
Total reward: 9.0
5.3, 5.3, 5.3, 5.3, 5.3, 5.3, 5.3, 5.3, 5.3, 5.3
parameter ends

state | action | reward
[0.01] | 0 | 1.0
0.011108128353953362 | 0 | 1.0
0.006287941709160805 | 0 | 1.0
-0.0024383056443184614 | 0 | 1.0
-0.015072274021804333 | 0 | 1.0
-0.0316169448196888 | 0 | 1.0
-0.052076198160648346 | 0 | 1.0
-0.07645417004823685 | 0 | 1.0
-0.10475436598062515 | 0 | 1.0
Total reward: 9.0
5.3, 5.3, 5.3, 5.3, 5.3, 5.3, 5.3, 5.3, 5.3, 5.3
parameter ends

state | action | reward
[-0.01] | 0 | 1.0
-0.010066344402730465 | 0 | 1.0
-0.013235805556178093 | 0 | 1.0
-0.0202974621206522 | 0 | 1.0
-0.031253207474946976 | 0 | 1.0
-0.04610653594136238 | 0 | 1.0
-0.0648621991276741 | 0 | 1.0
-0.08752569556236267 | 0 | 1.0
-0.11410252749919891 | 0 | 1.0
-0.14459720253944397 | 0 | 1.0
Total reward: 10.0
5.3, 5.3, 5.3, 5.3, 5.3, 5.3, 5.3, 5.3, 5.3, 5.3
parameter ends

state | action | reward
[-0.] | 0 | 1.0
-0.00422245729714632 | 0 | 1.0
-0.007509069982916117 | 0 | 1.0
-0.014701403677463531 | 0 | 1.0
-0.025801222771406174 | 0 | 1.0
-0.04081159830093384 | 0 | 1.0
-0.059736479073762894 | 0 | 1.0
-0.08258004486560822 | 0 | 1.0
-0.10934579372406006 | 0 | 1.0
Total reward: 9.0
5.3, 5.3, 5.3, 5.3, 5.3, 5.3, 5.3, 5.3, 5.3, 5.3
parameter ends

state | action | reward
[-0.] | 0 | 1.0
-0.000878003949765116 | 0 | 1.0
-0.004551209509372711 | 0 | 1.0
-0.01212411466985941 | 0 | 1.0
-0.023598240688443184 | 0 | 1.0
-0.03897660970687866 | 0 | 1.0
-0.05826340243220329 | 0 | 1.0
-0.08146339654922485 | 0 | 1.0
-0.10858118534088135 | 0 | 1.0
-0.13962015509605408 | 0 | 1.0
Total reward: 10.0
5.3, 5.3, 5.3, 5.3, 5.3, 5.3, 5.3, 5.3, 5.3, 5.3
parameter ends

state | action | reward
[-0.01] | 0 | 1.0
-0.004882265347987413 | 0 | 1.0
-0.00853624939918518 | 0 | 1.0
-0.01607920043170452 | 0 | 1.0
-0.02751302346587181 | 0 | 1.0
-0.04284127429127693 | 0 | 1.0
-0.062068842351436615 | 0 | 1.0
-0.08520146459341049 | 0 | 1.0
-0.11224502325057983 | 0 | 1.0
-0.14320459961891174 | 0 | 1.0
Total reward: 10.0
5.3, 5.3, 5.3, 5.3, 5.3, 5.3, 5.3, 5.3, 5.3, 5.3
parameter ends

state | action | reward
[0.04] | 0 | 1.0
0.04247460514307022 | 0 | 1.0
0.03935040533542633 | 0 | 1.0
0.03233828768134117 | 0 | 1.0
0.02143608033657074 | 0 | 1.0
0.006639988161623478 | 0 | 1.0
-0.012055093422532082 | 0 | 1.0
-0.03465506061911583 | 0 | 1.0
-0.06116589158773422 | 0 | 1.0
-0.09159266948699951 | 0 | 1.0
Total reward: 10.0
5.3, 5.3, 5.3, 5.3, 5.3, 5.3, 5.3, 5.3, 5.3, 5.3
parameter ends

state | action | reward
[0.01] | 0 | 1.0
0.011258870363235474 | 0 | 1.0
0.008271737955510616 | 0 | 1.0
0.0013691376661881804 | 0 | 1.0
-0.009450346231460571 | 0 | 1.0
-0.024189192801713943 | 0 | 1.0
-0.04285045713186264 | 0 | 1.0
-0.06543703377246857 | 0 | 1.0
Total reward: 8.0
5.3, 5.3, 5.3, 5.3, 5.3, 5.3, 5.3, 5.3, 5.3, 5.3
parameter ends

state | action | reward
[0.04] | 0 | 1.0
0.04174983873963356 | 0 | 1.0
0.038402874022722244 | 0 | 1.0
0.031150730326771736 | 0 | 1.0
0.019992072135210037 | 0 | 1.0
0.004924150183796883 | 0 | 1.0
-0.014056813903152943 | 0 | 1.0
-0.03695504739880562 | 0 | 1.0
-0.06377439200878143 | 0 | 1.0
Total reward: 9.0
5.3, 5.3, 5.3, 5.3, 5.3, 5.3, 5.3, 5.3, 5.3, 5.3
parameter ends

state | action | reward
[-0.01] | 0 | 1.0
-0.012369743548333645 | 0 | 1.0
-0.015830785036087036 | 0 | 1.0
-0.02320309355854988 | 0 | 1.0
-0.034487929195165634 | 0 | 1.0
-0.04968779534101486 | 0 | 1.0
-0.06880604475736618 | 0 | 1.0
-0.09184619784355164 | 0 | 1.0
-0.11881107091903687 | 0 | 1.0
Total reward: 9.0
5.3, 5.3, 5.3, 5.3, 5.3, 5.3, 5.3, 5.3, 5.3, 5.3
parameter ends

state | action | reward
[-0.01] | 0 | 1.0
-0.011549628339707851 | 0 | 1.0
-0.01604372262954712 | 0 | 1.0
-0.024446066468954086 | 0 | 1.0
-0.03675800561904907 | 0 | 1.0
-0.05298219993710518 | 0 | 1.0
-0.07312224060297012 | 0 | 1.0
-0.0971820205450058 | 0 | 1.0
-0.12516485154628754 | 0 | 1.0
Total reward: 9.0
5.3, 5.3, 5.3, 5.3, 5.3, 5.3, 5.3, 5.3, 5.3, 5.3
parameter ends

state | action | reward
[-0.04] | 0 | 1.0
-0.03858168050646782 | 0 | 1.0
-0.04213234409689903 | 0 | 1.0
-0.04959738254547119 | 0 | 1.0
-0.06097821146249771 | 0 | 1.0
-0.07627736032009125 | 0 | 1.0
-0.0954979881644249 | 0 | 1.0
-0.11864316463470459 | 0 | 1.0
Total reward: 8.0
5.3, 5.3, 5.3, 5.3, 5.3, 5.3, 5.3, 5.3, 5.3, 5.3
parameter ends

state | action | reward
[-0.05] | 0 | 1.0
-0.049045637249946594 | 0 | 1.0
-0.05315659940242767 | 0 | 1.0
-0.061163973063230515 | 0 | 1.0
-0.07306968420743942 | 0 | 1.0
-0.08887717127799988 | 0 | 1.0
-0.1085910052061081 | 0 | 1.0
-0.13221634924411774 | 0 | 1.0
-0.15975810587406158 | 0 | 1.0
-0.1912199705839157 | 0 | 1.0
Total reward: 10.0
5.3, 5.3, 5.3, 5.3, 5.3, 5.3, 5.3, 5.3, 5.3, 5.3
parameter ends

state | action | reward
[0.02] | 0 | 1.0
0.020997673273086548 | 0 | 1.0
0.01732608675956726 | 0 | 1.0
0.009753089398145676 | 0 | 1.0
-0.0017230039229616523 | 0 | 1.0
-0.017105314880609512 | 0 | 1.0
-0.0363980196416378 | 0 | 1.0
-0.059605762362480164 | 0 | 1.0
-0.08673281967639923 | 0 | 1.0
Total reward: 9.0
5.3, 5.3, 5.3, 5.3, 5.3, 5.3, 5.3, 5.3, 5.3, 5.3
parameter ends

state | action | reward
[-0.02] | 0 | 1.0
-0.021728554740548134 | 0 | 1.0
-0.02574501931667328 | 0 | 1.0
-0.033668965101242065 | 0 | 1.0
-0.04550190269947052 | 0 | 1.0
-0.06124665215611458 | 0 | 1.0
-0.0809069275856018 | 0 | 1.0
-0.10448670387268066 | 0 | 1.0
-0.13198933005332947 | 0 | 1.0
Total reward: 9.0
5.3, 5.3, 5.3, 5.3, 5.3, 5.3, 5.3, 5.3, 5.3, 5.3
parameter ends

state | action | reward
[-0.05] | 0 | 1.0
-0.047640424221754074 | 0 | 1.0
-0.05174962803721428 | 0 | 1.0
-0.059751756489276886 | 0 | 1.0
-0.07164867967367172 | 0 | 1.0
-0.08744386583566666 | 0 | 1.0
-0.10714201629161835 | 0 | 1.0
-0.13074856996536255 | 0 | 1.0
-0.15826894342899323 | 0 | 1.0
-0.18970753252506256 | 0 | 1.0
Total reward: 10.0
5.3, 5.3, 5.3, 5.3, 5.3, 5.3, 5.3, 5.3, 5.3, 5.3
parameter ends

state | action | reward
[-0.01] | 0 | 1.0
-0.013987361453473568 | 0 | 1.0
-0.017868023365736008 | 0 | 1.0
-0.025659728795289993 | 0 | 1.0
-0.037363894283771515 | 0 | 1.0
-0.052983157336711884 | 0 | 1.0
-0.07252094149589539 | 0 | 1.0
-0.09598077833652496 | 0 | 1.0
-0.12336540222167969 | 0 | 1.0
Total reward: 9.0
5.3, 5.3, 5.3, 5.3, 5.3, 5.3, 5.3, 5.3, 5.3, 5.3
parameter ends

state | action | reward
[0.02] | 0 | 1.0
0.022732749581336975 | 0 | 1.0
0.017882591113448143 | 0 | 1.0
0.009139280766248703 | 0 | 1.0
-0.003498970763757825 | 0 | 1.0
-0.020035549998283386 | 0 | 1.0
-0.04047510027885437 | 0 | 1.0
-0.06482301652431488 | 0 | 1.0
-0.09308470040559769 | 0 | 1.0
-0.12526458501815796 | 0 | 1.0
Total reward: 10.0
5.3, 5.3, 5.3, 5.3, 5.3, 5.3, 5.3, 5.3, 5.3, 5.3
parameter ends

state | action | reward
[-0.02] | 0 | 1.0
-0.017813822254538536 | 0 | 1.0
-0.021957121789455414 | 0 | 1.0
-0.03001161478459835 | 0 | 1.0
-0.04197857528924942 | 0 | 1.0
-0.05786052718758583 | 0 | 1.0
-0.07766082882881165 | 0 | 1.0
-0.10138300806283951 | 0 | 1.0
-0.12902988493442535 | 0 | 1.0
Total reward: 9.0
