1.0, 1.0, 1.0, 1.0, 1.0, 1.0, 1.0, 1.0, 1.0, 1.0
parameter ends

state | action | reward
[-0.04] | 0 | 1.0
-0.03832121193408966 | 0 | 1.0
-0.04128893092274666 | 0 | 1.0
-0.04815303534269333 | 0 | 1.0
-0.058915235102176666 | 0 | 1.0
-0.07357878983020782 | 0 | 1.0
-0.09214815497398376 | 0 | 1.0
-0.11462843418121338 | 0 | 1.0
-0.1410246342420578 | 0 | 1.0
-0.17134059965610504 | 0 | 1.0
Total reward: 10.0
1.0, 1.0, 1.0, 1.0, 1.0, 1.0, 1.0, 1.0, 1.0, 1.0
parameter ends

state | action | reward
[0.01] | 0 | 1.0
0.012382859364151955 | 0 | 1.0
0.008866548538208008 | 0 | 1.0
0.0014562074793502688 | 0 | 1.0
-0.00984970387071371 | 0 | 1.0
-0.025054337456822395 | 0 | 1.0
-0.044162143021821976 | 0 | 1.0
-0.06717836856842041 | 0 | 1.0
-0.09410835802555084 | 0 | 1.0
-0.12495657056570053 | 0 | 1.0
Total reward: 10.0
1.0, 1.0, 1.0, 1.0, 1.0, 1.0, 1.0, 1.0, 1.0, 1.0
parameter ends

state | action | reward
[-0.02] | 0 | 1.0
-0.02443792298436165 | 0 | 1.0
-0.02869345061480999 | 0 | 1.0
-0.03684072941541672 | 0 | 1.0
-0.048881709575653076 | 0 | 1.0
-0.06481994688510895 | 0 | 1.0
-0.08466023951768875 | 0 | 1.0
-0.10840814560651779 | 0 | 1.0
-0.13606920838356018 | 0 | 1.0
-0.16764798760414124 | 0 | 1.0
Total reward: 10.0
1.0, 1.0, 1.0, 1.0, 1.0, 1.0, 1.0, 1.0, 1.0, 1.0
parameter ends

state | action | reward
[-0.02] | 0 | 1.0
-0.019617639482021332 | 0 | 1.0
-0.0243530236184597 | 0 | 1.0
-0.03298063203692436 | 0 | 1.0
-0.0455021932721138 | 0 | 1.0
-0.06192106008529663 | 0 | 1.0
-0.08224187791347504 | 0 | 1.0
-0.10647008568048477 | 0 | 1.0
-0.13461121916770935 | 0 | 1.0
-0.16666990518569946 | 0 | 1.0
Total reward: 10.0
1.0, 1.0, 1.0, 1.0, 1.0, 1.0, 1.0, 1.0, 1.0, 1.0
parameter ends

state | action | reward
[0.01] | 0 | 1.0
0.008002130314707756 | 0 | 1.0
0.0035209334455430508 | 0 | 1.0
-0.0048707276582717896 | 0 | 1.0
-0.017174145206809044 | 0 | 1.0
-0.03339187800884247 | 0 | 1.0
-0.053527336567640305 | 0 | 1.0
-0.0775841549038887 | 0 | 1.0
-0.10556527227163315 | 0 | 1.0
Total reward: 9.0
1.0, 1.0, 1.0, 1.0, 1.0, 1.0, 1.0, 1.0, 1.0, 1.0
parameter ends

state | action | reward
[-0.05] | 0 | 1.0
-0.04809151589870453 | 0 | 1.0
-0.05135949328541756 | 0 | 1.0
-0.05853111296892166 | 0 | 1.0
-0.06960806995630264 | 0 | 1.0
-0.08459343761205673 | 0 | 1.0
-0.10349127650260925 | 0 | 1.0
-0.12630599737167358 | 0 | 1.0
-0.15304149687290192 | 0 | 1.0
Total reward: 9.0
1.0, 1.0, 1.0, 1.0, 1.0, 1.0, 1.0, 1.0, 1.0, 1.0
parameter ends

state | action | reward
[0.01] | 0 | 1.0
0.006715868134051561 | 0 | 1.0
0.0024718341883271933 | 0 | 1.0
-0.005662048235535622 | 0 | 1.0
-0.01768742874264717 | 0 | 1.0
-0.03360763192176819 | 0 | 1.0
-0.05342734232544899 | 0 | 1.0
-0.07715214788913727 | 0 | 1.0
-0.10478784888982773 | 0 | 1.0
-0.13633956015110016 | 0 | 1.0
-0.17181046307086945 | 0 | 1.0
Total reward: 11.0
1.0, 1.0, 1.0, 1.0, 1.0, 1.0, 1.0, 1.0, 1.0, 1.0
parameter ends

state | action | reward
[0.04] | 0 | 1.0
0.037702929228544235 | 0 | 1.0
0.03304000943899155 | 0 | 1.0
0.02448601834475994 | 0 | 1.0
0.012039088644087315 | 0 | 1.0
-0.004304270260035992 | 0 | 1.0
-0.024548841640353203 | 0 | 1.0
-0.04870019853115082 | 0 | 1.0
-0.07676398754119873 | 0 | 1.0
-0.10874494910240173 | 0 | 1.0
Total reward: 10.0
1.0, 1.0, 1.0, 1.0, 1.0, 1.0, 1.0, 1.0, 1.0, 1.0
parameter ends

state | action | reward
[0.05] | 0 | 1.0
0.05002439767122269 | 0 | 1.0
0.04633254185318947 | 0 | 1.0
0.038746487349271774 | 0 | 1.0
0.027264289557933807 | 0 | 1.0
0.011882455088198185 | 0 | 1.0
-0.007403705269098282 | 0 | 1.0
-0.03059954009950161 | 0 | 1.0
-0.05771028250455856 | 0 | 1.0
-0.0887400284409523 | 0 | 1.0
Total reward: 10.0
1.0, 1.0, 1.0, 1.0, 1.0, 1.0, 1.0, 1.0, 1.0, 1.0
parameter ends

state | action | reward
[0.01] | 0 | 1.0
0.00921687576919794 | 0 | 1.0
0.005863622762262821 | 0 | 1.0
-0.0013933487934991717 | 0 | 1.0
-0.012555881403386593 | 0 | 1.0
-0.027627166360616684 | 0 | 1.0
-0.04661132022738457 | 0 | 1.0
-0.0695127546787262 | 0 | 1.0
-0.096335269510746 | 0 | 1.0
Total reward: 9.0
1.0, 1.0, 1.0, 1.0, 1.0, 1.0, 1.0, 1.0, 1.0, 1.0
parameter ends

state | action | reward
[0.02] | 0 | 1.0
0.02408841997385025 | 0 | 1.0
0.02112007513642311 | 0 | 1.0
0.01424078643321991 | 0 | 1.0
0.00344899226911366 | 0 | 1.0
-0.011258059181272984 | 0 | 1.0
-0.02988385409116745 | 0 | 1.0
-0.05243191868066788 | 0 | 1.0
-0.07890486717224121 | 0 | 1.0
Total reward: 9.0
1.0, 1.0, 1.0, 1.0, 1.0, 1.0, 1.0, 1.0, 1.0, 1.0
parameter ends

state | action | reward
[-0.01] | 0 | 1.0
-0.008966160006821156 | 0 | 1.0
-0.012410113587975502 | 0 | 1.0
-0.01974465511739254 | 0 | 1.0
-0.030971866101026535 | 0 | 1.0
-0.046095430850982666 | 0 | 1.0
-0.06512028723955154 | 0 | 1.0
-0.08805210143327713 | 0 | 1.0
-0.11489655822515488 | 0 | 1.0
-0.14565831422805786 | 0 | 1.0
Total reward: 10.0
1.0, 1.0, 1.0, 1.0, 1.0, 1.0, 1.0, 1.0, 1.0, 1.0
parameter ends

state | action | reward
[-0.03] | 0 | 1.0
-0.029737727716565132 | 0 | 1.0
-0.03364263102412224 | 0 | 1.0
-0.041458845138549805 | 0 | 1.0
-0.053187593817710876 | 0 | 1.0
-0.06883136928081512 | 0 | 1.0
-0.08839350193738937 | 0 | 1.0
-0.11187751591205597 | 0 | 1.0
-0.13928624987602234 | 0 | 1.0
Total reward: 9.0
1.0, 1.0, 1.0, 1.0, 1.0, 1.0, 1.0, 1.0, 1.0, 1.0
parameter ends

state | action | reward
[-0.01] | 0 | 1.0
-0.005284328944981098 | 0 | 1.0
-0.008866184391081333 | 0 | 1.0
-0.016356049105525017 | 0 | 1.0
-0.027755435556173325 | 0 | 1.0
-0.043067142367362976 | 0 | 1.0
-0.0622948557138443 | 0 | 1.0
-0.08544248342514038 | 0 | 1.0
-0.11251328140497208 | 0 | 1.0
Total reward: 9.0
1.0, 1.0, 1.0, 1.0, 1.0, 1.0, 1.0, 1.0, 1.0, 1.0
parameter ends

state | action | reward
[0.03] | 0 | 1.0
0.0304412804543972 | 0 | 1.0
0.026333417743444443 | 0 | 1.0
0.018328608945012093 | 0 | 1.0
0.006425127387046814 | 0 | 1.0
-0.009380290284752846 | 0 | 1.0
-0.029092079028487206 | 0 | 1.0
-0.052715301513671875 | 0 | 1.0
-0.08025488257408142 | 0 | 1.0
-0.11171455681324005 | 0 | 1.0
Total reward: 10.0
1.0, 1.0, 1.0, 1.0, 1.0, 1.0, 1.0, 1.0, 1.0, 1.0
parameter ends

state | action | reward
[-0.] | 0 | 1.0
-0.0016962022054940462 | 0 | 1.0
-0.005651730112731457 | 0 | 1.0
-0.01351837906986475 | 0 | 1.0
-0.02529757469892502 | 0 | 1.0
-0.04099196568131447 | 0 | 1.0
-0.060604967176914215 | 0 | 1.0
-0.0841401070356369 | 0 | 1.0
-0.11160009354352951 | 0 | 1.0
Total reward: 9.0
1.0, 1.0, 1.0, 1.0, 1.0, 1.0, 1.0, 1.0, 1.0, 1.0
parameter ends

state | action | reward
[0.04] | 0 | 1.0
0.03768380358815193 | 0 | 1.0
0.03433448448777199 | 0 | 1.0
0.02709457091987133 | 0 | 1.0
0.015962060540914536 | 0 | 1.0
0.0009333428461104631 | 0 | 1.0
-0.017996469512581825 | 0 | 1.0
-0.04083302617073059 | 0 | 1.0
-0.06758200377225876 | 0 | 1.0
-0.09824813902378082 | 0 | 1.0
Total reward: 10.0
1.0, 1.0, 1.0, 1.0, 1.0, 1.0, 1.0, 1.0, 1.0, 1.0
parameter ends

state | action | reward
[0.03] | 0 | 1.0
0.031189292669296265 | 0 | 1.0
0.027529537677764893 | 0 | 1.0
0.019969547167420387 | 0 | 1.0
0.00850760843604803 | 0 | 1.0
-0.006859455723315477 | 0 | 1.0
-0.026135902851819992 | 0 | 1.0
-0.049326494336128235 | 0 | 1.0
-0.07643568515777588 | 0 | 1.0
-0.10746650397777557 | 0 | 1.0
Total reward: 10.0
1.0, 1.0, 1.0, 1.0, 1.0, 1.0, 1.0, 1.0, 1.0, 1.0
parameter ends

state | action | reward
[-0.04] | 0 | 1.0
-0.04031973332166672 | 0 | 1.0
-0.04321078583598137 | 0 | 1.0
-0.04999243840575218 | 0 | 1.0
-0.060666460543870926 | 0 | 1.0
-0.07523626834154129 | 0 | 1.0
-0.09370660781860352 | 0 | 1.0
-0.1160830482840538 | 0 | 1.0
-0.1423712968826294 | 0 | 1.0
-0.17257626354694366 | 0 | 1.0
Total reward: 10.0
1.0, 1.0, 1.0, 1.0, 1.0, 1.0, 1.0, 1.0, 1.0, 1.0
parameter ends

state | action | reward
[0.04] | 0 | 1.0
0.044245120137929916 | 0 | 1.0
0.03994126617908478 | 0 | 1.0
0.03173412010073662 | 0 | 1.0
0.019622161984443665 | 0 | 1.0
0.0036024446599185467 | 0 | 1.0
-0.01632901467382908 | 0 | 1.0
-0.04017665237188339 | 0 | 1.0
-0.06794452667236328 | 0 | 1.0
Total reward: 9.0
