5.3, 5.3, 5.3, 5.3, 5.3, 5.3, 5.3, 5.3, 5.3, 5.3
parameter ends

state | action | reward
[0.03] | 0 | 1.0
0.03322276100516319 | 0 | 1.0
0.028678543865680695 | 0 | 1.0
0.020235924050211906 | 0 | 1.0
0.007892993278801441 | 0 | 1.0
-0.00835362821817398 | 0 | 1.0
-0.02850840426981449 | 0 | 1.0
-0.052576299756765366 | 0 | 1.0
-0.08056196570396423 | 0 | 1.0
-0.11246863007545471 | 0 | 1.0
Total reward: 10.0
5.3, 5.3, 5.3, 5.3, 5.3, 5.3, 5.3, 5.3, 5.3, 5.3
parameter ends

state | action | reward
[0.04] | 0 | 1.0
0.04396269842982292 | 0 | 1.0
0.03916708379983902 | 0 | 1.0
0.03046230413019657 | 0 | 1.0
0.01784677617251873 | 0 | 1.0
0.0013176706852391362 | 0 | 1.0
-0.01912863925099373 | 0 | 1.0
-0.043495915830135345 | 0 | 1.0
-0.07178712636232376 | 0 | 1.0
Total reward: 9.0
5.3, 5.3, 5.3, 5.3, 5.3, 5.3, 5.3, 5.3, 5.3, 5.3
parameter ends

state | action | reward
[-0.02] | 0 | 1.0
-0.017255166545510292 | 0 | 1.0
-0.021694816648960114 | 0 | 1.0
-0.030039649456739426 | 0 | 1.0
-0.04229113087058067 | 0 | 1.0
-0.05845211446285248 | 0 | 1.0
-0.07852643728256226 | 0 | 1.0
-0.10251833498477936 | 0 | 1.0
-0.13043159246444702 | 0 | 1.0
Total reward: 9.0
5.3, 5.3, 5.3, 5.3, 5.3, 5.3, 5.3, 5.3, 5.3, 5.3
parameter ends

state | action | reward
[0.01] | 0 | 1.0
0.007149943616241217 | 0 | 1.0
0.00404888903722167 | 0 | 1.0
-0.002950287191197276 | 0 | 1.0
-0.013849589042365551 | 0 | 1.0
-0.028652481734752655 | 0 | 1.0
-0.04736349731683731 | 0 | 1.0
-0.06998763978481293 | 0 | 1.0
-0.09652955830097198 | 0 | 1.0
-0.12699244916439056 | 0 | 1.0
Total reward: 10.0
5.3, 5.3, 5.3, 5.3, 5.3, 5.3, 5.3, 5.3, 5.3, 5.3
parameter ends

state | action | reward
[-0.04] | 0 | 1.0
-0.03929666429758072 | 0 | 1.0
-0.04386858269572258 | 0 | 1.0
-0.052343256771564484 | 0 | 1.0
-0.06472231447696686 | 0 | 1.0
-0.08100880682468414 | 0 | 1.0
-0.10120679438114166 | 0 | 1.0
-0.12532077729701996 | 0 | 1.0
-0.15335486829280853 | 0 | 1.0
Total reward: 9.0
5.3, 5.3, 5.3, 5.3, 5.3, 5.3, 5.3, 5.3, 5.3, 5.3
parameter ends

state | action | reward
[0.02] | 0 | 1.0
0.02083578146994114 | 0 | 1.0
0.016897663474082947 | 0 | 1.0
0.009055927395820618 | 0 | 1.0
-0.0026912600733339787 | 0 | 1.0
-0.018347086384892464 | 0 | 1.0
-0.0379156693816185 | 0 | 1.0
-0.061401430517435074 | 0 | 1.0
-0.08880820125341415 | 0 | 1.0
Total reward: 9.0
5.3, 5.3, 5.3, 5.3, 5.3, 5.3, 5.3, 5.3, 5.3, 5.3
parameter ends

state | action | reward
[-0.03] | 0 | 1.0
-0.024931732565164566 | 0 | 1.0
-0.028410769999027252 | 0 | 1.0
-0.03578412905335426 | 0 | 1.0
-0.04705371335148811 | 0 | 1.0
-0.062222979962825775 | 0 | 1.0
-0.08129658550024033 | 0 | 1.0
-0.10427986085414886 | 0 | 1.0
-0.13117802143096924 | 0 | 1.0
-0.16199520230293274 | 0 | 1.0
Total reward: 10.0
5.3, 5.3, 5.3, 5.3, 5.3, 5.3, 5.3, 5.3, 5.3, 5.3
parameter ends

state | action | reward
[-0.02] | 0 | 1.0
-0.024347221478819847 | 0 | 1.0
-0.02886425517499447 | 0 | 1.0
-0.03728726506233215 | 0 | 1.0
-0.04961767420172691 | 0 | 1.0
-0.06585826724767685 | 0 | 1.0
-0.0860128179192543 | 0 | 1.0
-0.11008547246456146 | 0 | 1.0
-0.13807989656925201 | 0 | 1.0
Total reward: 9.0
5.3, 5.3, 5.3, 5.3, 5.3, 5.3, 5.3, 5.3, 5.3, 5.3
parameter ends

state | action | reward
[-0.05] | 0 | 1.0
-0.04778989404439926 | 0 | 1.0
-0.052540384232997894 | 0 | 1.0
-0.06119586527347565 | 0 | 1.0
-0.07375811785459518 | 0 | 1.0
-0.09023025631904602 | 0 | 1.0
-0.1106162965297699 | 0 | 1.0
-0.13492049276828766 | 0 | 1.0
-0.1631464660167694 | 0 | 1.0
Total reward: 9.0
5.3, 5.3, 5.3, 5.3, 5.3, 5.3, 5.3, 5.3, 5.3, 5.3
parameter ends

state | action | reward
[0.02] | 0 | 1.0
0.019349845126271248 | 0 | 1.0
0.016048358753323555 | 0 | 1.0
0.008842135779559612 | 0 | 1.0
-0.002270289696753025 | 0 | 1.0
-0.017291774973273277 | 0 | 1.0
-0.03622618317604065 | 0 | 1.0
-0.05907779559493065 | 0 | 1.0
-0.08585046976804733 | 0 | 1.0
Total reward: 9.0
5.3, 5.3, 5.3, 5.3, 5.3, 5.3, 5.3, 5.3, 5.3, 5.3
parameter ends

state | action | reward
[-0.] | 0 | 1.0
-0.0033775256015360355 | 0 | 1.0
-0.007326532620936632 | 0 | 1.0
-0.015167564153671265 | 0 | 1.0
-0.026902463287115097 | 0 | 1.0
-0.042534682899713516 | 0 | 1.0
-0.06206894665956497 | 0 | 1.0
-0.08551075309515 | 0 | 1.0
-0.1128656342625618 | 0 | 1.0
-0.1441381722688675 | 0 | 1.0
Total reward: 10.0
5.3, 5.3, 5.3, 5.3, 5.3, 5.3, 5.3, 5.3, 5.3, 5.3
parameter ends

state | action | reward
[-0.05] | 0 | 1.0
-0.04467420652508736 | 0 | 1.0
-0.047821249812841415 | 0 | 1.0
-0.05487585440278053 | 0 | 1.0
-0.06583944708108902 | 0 | 1.0
-0.08071479201316833 | 0 | 1.0
-0.09950555115938187 | 0 | 1.0
-0.12221570312976837 | 0 | 1.0
-0.14884862303733826 | 0 | 1.0
Total reward: 9.0
5.3, 5.3, 5.3, 5.3, 5.3, 5.3, 5.3, 5.3, 5.3, 5.3
parameter ends

state | action | reward
[-0.03] | 0 | 1.0
-0.02882051281630993 | 0 | 1.0
-0.032132841646671295 | 0 | 1.0
-0.039352767169475555 | 0 | 1.0
-0.0504816509783268 | 0 | 1.0
-0.0655221939086914 | 0 | 1.0
-0.08447804301977158 | 0 | 1.0
-0.10735315829515457 | 0 | 1.0
-0.13415096700191498 | 0 | 1.0
Total reward: 9.0
5.3, 5.3, 5.3, 5.3, 5.3, 5.3, 5.3, 5.3, 5.3, 5.3
parameter ends

state | action | reward
[-0.01] | 0 | 1.0
-0.011420227587223053 | 0 | 1.0
-0.01584467664361 | 0 | 1.0
-0.024168768897652626 | 0 | 1.0
-0.036394089460372925 | 0 | 1.0
-0.052523717284202576 | 0 | 1.0
-0.07256186753511429 | 0 | 1.0
-0.09651333093643188 | 0 | 1.0
-0.12438271194696426 | 0 | 1.0
-0.15617331862449646 | 0 | 1.0
Total reward: 10.0
5.3, 5.3, 5.3, 5.3, 5.3, 5.3, 5.3, 5.3, 5.3, 5.3
parameter ends

state | action | reward
[-0.04] | 0 | 1.0
-0.04228605702519417 | 0 | 1.0
-0.04704273119568825 | 0 | 1.0
-0.055693212896585464 | 0 | 1.0
-0.0682394802570343 | 0 | 1.0
-0.08468508720397949 | 0 | 1.0
-0.10503475368022919 | 0 | 1.0
-0.12929388880729675 | 0 | 1.0
-0.15746775269508362 | 0 | 1.0
-0.18956048786640167 | 0 | 1.0
Total reward: 10.0
5.3, 5.3, 5.3, 5.3, 5.3, 5.3, 5.3, 5.3, 5.3, 5.3
parameter ends

state | action | reward
[0.04] | 0 | 1.0
0.04042637348175049 | 0 | 1.0
0.036152083426713943 | 0 | 1.0
0.027977043762803078 | 0 | 1.0
0.015899324789643288 | 0 | 1.0
-8.441721729468554e-05 | 0 | 1.0
-0.01997852697968483 | 0 | 1.0
-0.04378774017095566 | 0 | 1.0
-0.07151632010936737 | 0 | 1.0
Total reward: 9.0
5.3, 5.3, 5.3, 5.3, 5.3, 5.3, 5.3, 5.3, 5.3, 5.3
parameter ends

state | action | reward
[-0.03] | 0 | 1.0
-0.029932908713817596 | 0 | 1.0
-0.03301022946834564 | 0 | 1.0
-0.040002986788749695 | 0 | 1.0
-0.05091242492198944 | 0 | 1.0
-0.06574089825153351 | 0 | 1.0
-0.08449140936136246 | 0 | 1.0
-0.10716692358255386 | 0 | 1.0
Total reward: 8.0
5.3, 5.3, 5.3, 5.3, 5.3, 5.3, 5.3, 5.3, 5.3, 5.3
parameter ends

state | action | reward
[0.] | 0 | 1.0
0.004827480763196945 | 0 | 1.0
0.0008519914699718356 | 0 | 1.0
-0.007028147578239441 | 0 | 1.0
-0.01881444826722145 | 0 | 1.0
-0.0345098115503788 | 0 | 1.0
-0.05411813035607338 | 0 | 1.0
-0.07764369994401932 | 0 | 1.0
-0.10509037226438522 | 0 | 1.0
Total reward: 9.0
5.3, 5.3, 5.3, 5.3, 5.3, 5.3, 5.3, 5.3, 5.3, 5.3
parameter ends

state | action | reward
[0.01] | 0 | 1.0
0.014826593920588493 | 0 | 1.0
0.01127635408192873 | 0 | 1.0
0.003826271276921034 | 0 | 1.0
-0.007525505963712931 | 0 | 1.0
-0.022782273590564728 | 0 | 1.0
-0.041948385536670685 | 0 | 1.0
-0.06502865999937057 | 0 | 1.0
-0.09202754497528076 | 0 | 1.0
-0.12294801324605942 | 0 | 1.0
Total reward: 10.0
5.3, 5.3, 5.3, 5.3, 5.3, 5.3, 5.3, 5.3, 5.3, 5.3
parameter ends

state | action | reward
[-0.03] | 0 | 1.0
-0.03211454674601555 | 0 | 1.0
-0.03560817986726761 | 0 | 1.0
-0.04301059991121292 | 0 | 1.0
-0.05432334542274475 | 0 | 1.0
-0.06954921036958694 | 0 | 1.0
-0.0886918306350708 | 0 | 1.0
-0.11175502836704254 | 0 | 1.0
-0.1387418806552887 | 0 | 1.0
Total reward: 9.0
