5.3, 5.3, 5.3, 5.3, 5.3, 5.3, 5.3, 5.3, 5.3, 5.3
parameter ends

state | action | reward
[-0.04] | 0 | 1.0
-0.04388992860913277 | 0 | 1.0
-0.047277141362428665 | 0 | 1.0
-0.054551783949136734 | 0 | 1.0
-0.06571555882692337 | 0 | 1.0
-0.08077187091112137 | 0 | 1.0
-0.09972554445266724 | 0 | 1.0
-0.1225823312997818 | 0 | 1.0
-0.14934830367565155 | 0 | 1.0
-0.18002891540527344 | 0 | 1.0
-0.21462784707546234 | 0 | 1.0
Total reward: 11.0
5.3, 5.3, 5.3, 5.3, 5.3, 5.3, 5.3, 5.3, 5.3, 5.3
parameter ends

state | action | reward
[-0.03] | 0 | 1.0
-0.033577073365449905 | 0 | 1.0
-0.03661923483014107 | 0 | 1.0
-0.04355846345424652 | 0 | 1.0
-0.05439675971865654 | 0 | 1.0
-0.06913761049509048 | 0 | 1.0
-0.08778560906648636 | 0 | 1.0
-0.11034584790468216 | 0 | 1.0
-0.1368231475353241 | 0 | 1.0
-0.16722092032432556 | 0 | 1.0
Total reward: 10.0
5.3, 5.3, 5.3, 5.3, 5.3, 5.3, 5.3, 5.3, 5.3, 5.3
parameter ends

state | action | reward
[0.04] | 0 | 1.0
0.03947659581899643 | 0 | 1.0
0.036504730582237244 | 0 | 1.0
0.0296438280493021 | 0 | 1.0
0.01889169029891491 | 0 | 1.0
0.004244497511535883 | 0 | 1.0
-0.014302827417850494 | 0 | 1.0
-0.036756113171577454 | 0 | 1.0
-0.06312119960784912 | 0 | 1.0
-0.0934029370546341 | 0 | 1.0
Total reward: 10.0
5.3, 5.3, 5.3, 5.3, 5.3, 5.3, 5.3, 5.3, 5.3, 5.3
parameter ends

state | action | reward
[-0.01] | 0 | 1.0
-0.008822908625006676 | 0 | 1.0
-0.012768705375492573 | 0 | 1.0
-0.02062899060547352 | 0 | 1.0
-0.032405026257038116 | 0 | 1.0
-0.04809921979904175 | 0 | 1.0
-0.06771466135978699 | 0 | 1.0
-0.09125445038080215 | 0 | 1.0
Total reward: 8.0
5.3, 5.3, 5.3, 5.3, 5.3, 5.3, 5.3, 5.3, 5.3, 5.3
parameter ends

state | action | reward
[-0.04] | 0 | 1.0
-0.038884010165929794 | 0 | 1.0
-0.042840223759412766 | 0 | 1.0
-0.050706345587968826 | 0 | 1.0
-0.06248366832733154 | 0 | 1.0
-0.07817476987838745 | 0 | 1.0
-0.09778310358524323 | 0 | 1.0
-0.12131237238645554 | 0 | 1.0
-0.14876560866832733 | 0 | 1.0
Total reward: 9.0
5.3, 5.3, 5.3, 5.3, 5.3, 5.3, 5.3, 5.3, 5.3, 5.3
parameter ends

state | action | reward
[-0.01] | 0 | 1.0
-0.004996375646442175 | 0 | 1.0
-0.008036240935325623 | 0 | 1.0
-0.01497693918645382 | 0 | 1.0
-0.025820113718509674 | 0 | 1.0
-0.040568865835666656 | 0 | 1.0
-0.05922738090157509 | 0 | 1.0
-0.08180035650730133 | 0 | 1.0
-0.10829216986894608 | 0 | 1.0
-0.13870583474636078 | 0 | 1.0
Total reward: 10.0
5.3, 5.3, 5.3, 5.3, 5.3, 5.3, 5.3, 5.3, 5.3, 5.3
parameter ends

state | action | reward
[0.01] | 0 | 1.0
0.00512596033513546 | 0 | 1.0
0.0004801581089850515 | 0 | 1.0
-0.008081139996647835 | 0 | 1.0
-0.020559227094054222 | 0 | 1.0
-0.03695649281144142 | 0 | 1.0
-0.05727595463395119 | 0 | 1.0
-0.08152054995298386 | 0 | 1.0
Total reward: 8.0
5.3, 5.3, 5.3, 5.3, 5.3, 5.3, 5.3, 5.3, 5.3, 5.3
parameter ends

state | action | reward
[0.04] | 0 | 1.0
0.03549365699291229 | 0 | 1.0
0.031940434128046036 | 0 | 1.0
0.024471480399370193 | 0 | 1.0
0.013085377402603626 | 0 | 1.0
-0.002220353577286005 | 0 | 1.0
-0.02144874446094036 | 0 | 1.0
-0.0446026436984539 | 0 | 1.0
Total reward: 8.0
5.3, 5.3, 5.3, 5.3, 5.3, 5.3, 5.3, 5.3, 5.3, 5.3
parameter ends

state | action | reward
[0.01] | 0 | 1.0
0.009970419108867645 | 0 | 1.0
0.005719631910324097 | 0 | 1.0
-0.002435588976368308 | 0 | 1.0
-0.01449694111943245 | 0 | 1.0
-0.030467482283711433 | 0 | 1.0
-0.05035121366381645 | 0 | 1.0
-0.07415246218442917 | 0 | 1.0
-0.10187499970197678 | 0 | 1.0
Total reward: 9.0
5.3, 5.3, 5.3, 5.3, 5.3, 5.3, 5.3, 5.3, 5.3, 5.3
parameter ends

state | action | reward
[-0.] | 0 | 1.0
-0.0017988939071074128 | 0 | 1.0
-0.005506182089447975 | 0 | 1.0
-0.01310659758746624 | 0 | 1.0
-0.024601910263299942 | 0 | 1.0
-0.03999549150466919 | 0 | 1.0
-0.05929196998476982 | 0 | 1.0
-0.08249673992395401 | 0 | 1.0
-0.10961521416902542 | 0 | 1.0
-0.14065183699131012 | 0 | 1.0
Total reward: 10.0
5.3, 5.3, 5.3, 5.3, 5.3, 5.3, 5.3, 5.3, 5.3, 5.3
parameter ends

state | action | reward
[0.05] | 0 | 1.0
0.05048871785402298 | 0 | 1.0
0.04753852263092995 | 0 | 1.0
0.04068349301815033 | 0 | 1.0
0.029921939596533775 | 0 | 1.0
0.01525083091109991 | 0 | 1.0
-0.0033338055945932865 | 0 | 1.0
-0.025836249813437462 | 0 | 1.0
-0.05226021260023117 | 0 | 1.0
Total reward: 9.0
5.3, 5.3, 5.3, 5.3, 5.3, 5.3, 5.3, 5.3, 5.3, 5.3
parameter ends

state | action | reward
[0.03] | 0 | 1.0
0.02954094484448433 | 0 | 1.0
0.024892471730709076 | 0 | 1.0
0.016328396275639534 | 0 | 1.0
0.003847521496936679 | 0 | 1.0
-0.012552470900118351 | 0 | 1.0
-0.032874561846256256 | 0 | 1.0
-0.057121697813272476 | 0 | 1.0
Total reward: 8.0
5.3, 5.3, 5.3, 5.3, 5.3, 5.3, 5.3, 5.3, 5.3, 5.3
parameter ends

state | action | reward
[-0.01] | 0 | 1.0
-0.007322349119931459 | 0 | 1.0
-0.010792975313961506 | 0 | 1.0
-0.018162192776799202 | 0 | 1.0
-0.029431777074933052 | 0 | 1.0
-0.044604986906051636 | 0 | 1.0
-0.06368619948625565 | 0 | 1.0
-0.0866803377866745 | 0 | 1.0
-0.11359208822250366 | 0 | 1.0
-0.14442478120326996 | 0 | 1.0
Total reward: 10.0
5.3, 5.3, 5.3, 5.3, 5.3, 5.3, 5.3, 5.3, 5.3, 5.3
parameter ends

state | action | reward
[-0.03] | 0 | 1.0
-0.02796356752514839 | 0 | 1.0
-0.03180825337767601 | 0 | 1.0
-0.03954287990927696 | 0 | 1.0
-0.05116963014006615 | 0 | 1.0
-0.0666922777891159 | 0 | 1.0
-0.08611585199832916 | 0 | 1.0
-0.10944610834121704 | 0 | 1.0
-0.13668876886367798 | 0 | 1.0
-0.16784854233264923 | 0 | 1.0
Total reward: 10.0
5.3, 5.3, 5.3, 5.3, 5.3, 5.3, 5.3, 5.3, 5.3, 5.3
parameter ends

state | action | reward
[0.01] | 0 | 1.0
0.009736440144479275 | 0 | 1.0
0.005518966354429722 | 0 | 1.0
-0.002593148732557893 | 0 | 1.0
-0.014601767994463444 | 0 | 1.0
-0.03051031194627285 | 0 | 1.0
-0.050323404371738434 | 0 | 1.0
-0.07404633611440659 | 0 | 1.0
-0.10168430209159851 | 0 | 1.0
-0.13324138522148132 | 0 | 1.0
Total reward: 10.0
5.3, 5.3, 5.3, 5.3, 5.3, 5.3, 5.3, 5.3, 5.3, 5.3
parameter ends

state | action | reward
[-0.03] | 0 | 1.0
-0.03388006612658501 | 0 | 1.0
-0.03729288652539253 | 0 | 1.0
-0.044610511511564255 | 0 | 1.0
-0.05583454295992851 | 0 | 1.0
-0.07096795737743378 | 0 | 1.0
-0.09001468867063522 | 0 | 1.0
-0.11297901719808578 | 0 | 1.0
-0.1398646980524063 | 0 | 1.0
Total reward: 9.0
5.3, 5.3, 5.3, 5.3, 5.3, 5.3, 5.3, 5.3, 5.3, 5.3
parameter ends

state | action | reward
[-0.05] | 0 | 1.0
-0.050212398171424866 | 0 | 1.0
-0.0546371228992939 | 0 | 1.0
-0.06295539438724518 | 0 | 1.0
-0.07516893744468689 | 0 | 1.0
-0.09128108620643616 | 0 | 1.0
-0.11129643023014069 | 0 | 1.0
-0.13522031903266907 | 0 | 1.0
-0.1630581170320511 | 0 | 1.0
-0.19481422007083893 | 0 | 1.0
Total reward: 10.0
5.3, 5.3, 5.3, 5.3, 5.3, 5.3, 5.3, 5.3, 5.3, 5.3
parameter ends

state | action | reward
[0.03] | 0 | 1.0
0.03359110280871391 | 0 | 1.0
0.02920619398355484 | 0 | 1.0
0.02092045173048973 | 0 | 1.0
0.008732144720852375 | 0 | 1.0
-0.007361900992691517 | 0 | 1.0
-0.027365919202566147 | 0 | 1.0
-0.05128461495041847 | 0 | 1.0
-0.07912233471870422 | 0 | 1.0
Total reward: 9.0
5.3, 5.3, 5.3, 5.3, 5.3, 5.3, 5.3, 5.3, 5.3, 5.3
parameter ends

state | action | reward
[-0.03] | 0 | 1.0
-0.029768627136945724 | 0 | 1.0
-0.032764989882707596 | 0 | 1.0
-0.03967504948377609 | 0 | 1.0
-0.05050000175833702 | 0 | 1.0
-0.0652422159910202 | 0 | 1.0
-0.08390482515096664 | 0 | 1.0
-0.10649105161428452 | 0 | 1.0
Total reward: 8.0
5.3, 5.3, 5.3, 5.3, 5.3, 5.3, 5.3, 5.3, 5.3, 5.3
parameter ends

state | action | reward
[0.01] | 0 | 1.0
0.014279431663453579 | 0 | 1.0
0.011071581393480301 | 0 | 1.0
0.0039708116091787815 | 0 | 1.0
-0.007024772930890322 | 0 | 1.0
-0.021918652579188347 | 0 | 1.0
-0.040715545415878296 | 0 | 1.0
-0.06342089176177979 | 0 | 1.0
-0.09004011005163193 | 0 | 1.0
-0.12057757377624512 | 0 | 1.0
Total reward: 10.0
