5.9, 5.9, 5.9, 5.9, 5.9, 5.9, 5.9, 5.9, 5.9, 5.9
parameter ends

state | action | reward
[0.01] | 0 | 1.0
0.013276465237140656 | 0 | 1.0
0.00945697259157896 | 0 | 1.0
0.0017477073706686497 | 0 | 1.0
-0.00985344871878624 | 0 | 1.0
-0.025350220501422882 | 0 | 1.0
-0.04474760591983795 | 0 | 1.0
-0.06805135309696198 | 0 | 1.0
-0.09526721388101578 | 0 | 1.0
-0.12639999389648438 | 0 | 1.0
Total reward: 10.0
5.9, 5.9, 5.9, 5.9, 5.9, 5.9, 5.9, 5.9, 5.9, 5.9
parameter ends

state | action | reward
[0.] | 0 | 1.0
0.004002712666988373 | 0 | 1.0
0.0004425626539159566 | 0 | 1.0
-0.007019346114248037 | 0 | 1.0
-0.01838456466794014 | 0 | 1.0
-0.03365609794855118 | 0 | 1.0
-0.052838023751974106 | 0 | 1.0
-0.07593493908643723 | 0 | 1.0
-0.10295113176107407 | 0 | 1.0
-0.13388948142528534 | 0 | 1.0
Total reward: 10.0
5.9, 5.9, 5.9, 5.9, 5.9, 5.9, 5.9, 5.9, 5.9, 5.9
parameter ends

state | action | reward
[0.03] | 0 | 1.0
0.02889164350926876 | 0 | 1.0
0.025036318227648735 | 0 | 1.0
0.017292000353336334 | 0 | 1.0
0.005656864959746599 | 0 | 1.0
-0.009872574359178543 | 0 | 1.0
-0.029301153495907784 | 0 | 1.0
-0.0526345819234848 | 0 | 1.0
-0.07987874001264572 | 0 | 1.0
-0.11103877425193787 | 0 | 1.0
Total reward: 10.0
5.9, 5.9, 5.9, 5.9, 5.9, 5.9, 5.9, 5.9, 5.9, 5.9
parameter ends

state | action | reward
[-0.01] | 0 | 1.0
-0.00854088831692934 | 0 | 1.0
-0.011525881476700306 | 0 | 1.0
-0.018421467393636703 | 0 | 1.0
-0.029229262843728065 | 0 | 1.0
-0.04395207017660141 | 0 | 1.0
-0.06259343028068542 | 0 | 1.0
-0.0851568952202797 | 0 | 1.0
-0.11164511740207672 | 0 | 1.0
Total reward: 9.0
5.9, 5.9, 5.9, 5.9, 5.9, 5.9, 5.9, 5.9, 5.9, 5.9
parameter ends

state | action | reward
[0.] | 0 | 1.0
0.0010741158621385694 | 0 | 1.0
-0.002947364468127489 | 0 | 1.0
-0.010877685621380806 | 0 | 1.0
-0.022718533873558044 | 0 | 1.0
-0.038472823798656464 | 0 | 1.0
-0.05814424902200699 | 0 | 1.0
-0.08173660188913345 | 0 | 1.0
-0.10925282537937164 | 0 | 1.0
Total reward: 9.0
5.9, 5.9, 5.9, 5.9, 5.9, 5.9, 5.9, 5.9, 5.9, 5.9
parameter ends

state | action | reward
[-0.01] | 0 | 1.0
-0.008658775128424168 | 0 | 1.0
-0.012796646915376186 | 0 | 1.0
-0.020822765305638313 | 0 | 1.0
-0.03273883834481239 | 0 | 1.0
-0.048548270016908646 | 0 | 1.0
-0.06825584173202515 | 0 | 1.0
-0.09186727553606033 | 0 | 1.0
-0.11938853561878204 | 0 | 1.0
-0.15082496404647827 | 0 | 1.0
-0.1861800253391266 | 0 | 1.0
Total reward: 11.0
5.9, 5.9, 5.9, 5.9, 5.9, 5.9, 5.9, 5.9, 5.9, 5.9
parameter ends

state | action | reward
[-0.02] | 0 | 1.0
-0.021655123680830002 | 0 | 1.0
-0.02507708966732025 | 0 | 1.0
-0.03240208700299263 | 0 | 1.0
-0.043631669133901596 | 0 | 1.0
-0.05876881629228592 | 0 | 1.0
-0.07781755179166794 | 0 | 1.0
-0.10078232735395432 | 0 | 1.0
-0.12766724824905396 | 0 | 1.0
Total reward: 9.0
5.9, 5.9, 5.9, 5.9, 5.9, 5.9, 5.9, 5.9, 5.9, 5.9
parameter ends

state | action | reward
[0.01] | 0 | 1.0
0.013855746947228909 | 0 | 1.0
0.010752427391707897 | 0 | 1.0
0.003739291336387396 | 0 | 1.0
-0.007184926886111498 | 0 | 1.0
-0.022022785618901253 | 0 | 1.0
-0.04077772796154022 | 0 | 1.0
-0.06345346570014954 | 0 | 1.0
-0.09005308896303177 | 0 | 1.0
Total reward: 9.0
5.9, 5.9, 5.9, 5.9, 5.9, 5.9, 5.9, 5.9, 5.9, 5.9
parameter ends

state | action | reward
[-0.04] | 0 | 1.0
-0.04476694017648697 | 0 | 1.0
-0.048993077129125595 | 0 | 1.0
-0.05712096393108368 | 0 | 1.0
-0.06915217638015747 | 0 | 1.0
-0.08508973568677902 | 0 | 1.0
-0.10493775457143784 | 0 | 1.0
-0.12870082259178162 | 0 | 1.0
-0.156383216381073 | 0 | 1.0
Total reward: 9.0
5.9, 5.9, 5.9, 5.9, 5.9, 5.9, 5.9, 5.9, 5.9, 5.9
parameter ends

state | action | reward
[-0.02] | 0 | 1.0
-0.016877466812729836 | 0 | 1.0
-0.02044813707470894 | 0 | 1.0
-0.027906648814678192 | 0 | 1.0
-0.03925464302301407 | 0 | 1.0
-0.05449546501040459 | 0 | 1.0
-0.07363387197256088 | 0 | 1.0
-0.0966755747795105 | 0 | 1.0
-0.12362658977508545 | 0 | 1.0
-0.1544923633337021 | 0 | 1.0
-0.1892765313386917 | 0 | 1.0
Total reward: 11.0
5.9, 5.9, 5.9, 5.9, 5.9, 5.9, 5.9, 5.9, 5.9, 5.9
parameter ends

state | action | reward
[0.05] | 0 | 1.0
0.046983905136585236 | 0 | 1.0
0.04280545562505722 | 0 | 1.0
0.034718919545412064 | 0 | 1.0
0.022722823545336723 | 0 | 1.0
0.006814396008849144 | 0 | 1.0
-0.013010021299123764 | 0 | 1.0
-0.03675433620810509 | 0 | 1.0
-0.06442180275917053 | 0 | 1.0
Total reward: 9.0
5.9, 5.9, 5.9, 5.9, 5.9, 5.9, 5.9, 5.9, 5.9, 5.9
parameter ends

state | action | reward
[0.01] | 0 | 1.0
0.007860295474529266 | 0 | 1.0
0.004046422895044088 | 0 | 1.0
-0.003658449510112405 | 0 | 1.0
-0.015256237238645554 | 0 | 1.0
-0.030750472098588943 | 0 | 1.0
-0.05014597252011299 | 0 | 1.0
-0.07344833016395569 | 0 | 1.0
-0.1006631851196289 | 0 | 1.0
-0.131795272231102 | 0 | 1.0
Total reward: 10.0
5.9, 5.9, 5.9, 5.9, 5.9, 5.9, 5.9, 5.9, 5.9, 5.9
parameter ends

state | action | reward
[0.05] | 0 | 1.0
0.04554750397801399 | 0 | 1.0
0.041151560842990875 | 0 | 1.0
0.03284544125199318 | 0 | 1.0
0.020627781748771667 | 0 | 1.0
0.004495951347053051 | 0 | 1.0
-0.015553513541817665 | 0 | 1.0
-0.03952426835894585 | 0 | 1.0
-0.06741926074028015 | 0 | 1.0
Total reward: 9.0
5.9, 5.9, 5.9, 5.9, 5.9, 5.9, 5.9, 5.9, 5.9, 5.9
parameter ends

state | action | reward
[-0.05] | 0 | 1.0
-0.04577919468283653 | 0 | 1.0
-0.0489354133605957 | 0 | 1.0
-0.05600346624851227 | 0 | 1.0
-0.06698472797870636 | 0 | 1.0
-0.08188177645206451 | 0 | 1.0
-0.10069795697927475 | 0 | 1.0
-0.12343669682741165 | 0 | 1.0
-0.15010061860084534 | 0 | 1.0
Total reward: 9.0
5.9, 5.9, 5.9, 5.9, 5.9, 5.9, 5.9, 5.9, 5.9, 5.9
parameter ends

state | action | reward
[-0.03] | 0 | 1.0
-0.032935626804828644 | 0 | 1.0
-0.03626247122883797 | 0 | 1.0
-0.043496835976839066 | 0 | 1.0
-0.05464017018675804 | 0 | 1.0
-0.06969524919986725 | 0 | 1.0
-0.08866575360298157 | 0 | 1.0
-0.11155566573143005 | 0 | 1.0
-0.13836835324764252 | 0 | 1.0
Total reward: 9.0
5.9, 5.9, 5.9, 5.9, 5.9, 5.9, 5.9, 5.9, 5.9, 5.9
parameter ends

state | action | reward
[-0.02] | 0 | 1.0
-0.015125559642910957 | 0 | 1.0
-0.01857619546353817 | 0 | 1.0
-0.025933565571904182 | 0 | 1.0
-0.03719910979270935 | 0 | 1.0
-0.052375610917806625 | 0 | 1.0
-0.07146680355072021 | 0 | 1.0
-0.09447675943374634 | 0 | 1.0
-0.12140899151563644 | 0 | 1.0
Total reward: 9.0
5.9, 5.9, 5.9, 5.9, 5.9, 5.9, 5.9, 5.9, 5.9, 5.9
parameter ends

state | action | reward
[0.01] | 0 | 1.0
0.010514349676668644 | 0 | 1.0
0.005849546752870083 | 0 | 1.0
-0.002724091522395611 | 0 | 1.0
-0.01520809717476368 | 0 | 1.0
-0.03160526975989342 | 0 | 1.0
-0.05191924050450325 | 0 | 1.0
-0.07615381479263306 | 0 | 1.0
-0.10431207716464996 | 0 | 1.0
Total reward: 9.0
5.9, 5.9, 5.9, 5.9, 5.9, 5.9, 5.9, 5.9, 5.9, 5.9
parameter ends

state | action | reward
[-0.02] | 0 | 1.0
-0.01857972890138626 | 0 | 1.0
-0.02163168042898178 | 0 | 1.0
-0.028597936034202576 | 0 | 1.0
-0.03947960212826729 | 0 | 1.0
-0.054278966039419174 | 0 | 1.0
-0.07299908250570297 | 0 | 1.0
-0.09564310312271118 | 0 | 1.0
Total reward: 8.0
5.9, 5.9, 5.9, 5.9, 5.9, 5.9, 5.9, 5.9, 5.9, 5.9
parameter ends

state | action | reward
[-0.04] | 0 | 1.0
-0.041025251150131226 | 0 | 1.0
-0.04430585354566574 | 0 | 1.0
-0.05149737000465393 | 0 | 1.0
-0.06260097026824951 | 0 | 1.0
-0.07761912047863007 | 0 | 1.0
-0.09655514359474182 | 0 | 1.0
-0.1194126233458519 | 0 | 1.0
-0.14619451761245728 | 0 | 1.0
Total reward: 9.0
5.9, 5.9, 5.9, 5.9, 5.9, 5.9, 5.9, 5.9, 5.9, 5.9
parameter ends

state | action | reward
[0.03] | 0 | 1.0
0.025888094678521156 | 0 | 1.0
0.02238844521343708 | 0 | 1.0
0.014992658980190754 | 0 | 1.0
0.003698728745803237 | 0 | 1.0
-0.01149685587733984 | 0 | 1.0
-0.030598729848861694 | 0 | 1.0
-0.05361208692193031 | 0 | 1.0
-0.08054187148809433 | 0 | 1.0
-0.11139170825481415 | 0 | 1.0
Total reward: 10.0
