-6.0, 6.0, -6.0, 6.0, -6.0, 6.0, -6.0, 6.0, -6.0, 6.0
parameter ends

state | action | reward
[0.04] | 1 | 1.0
0.03720073029398918 | 1 | 1.0
0.040695469826459885 | 1 | 1.0
0.048100005835294724 | 1 | 1.0
0.05941582843661308 | 1 | 1.0
0.07464566081762314 | 1 | 1.0
0.09379304200410843 | 1 | 1.0
0.11686166375875473 | 1 | 1.0
0.14385445415973663 | 0 | 1.0
Total reward: 9.0
-6.0, 6.0, -6.0, 6.0, -6.0, 6.0, -6.0, 6.0, -6.0, 6.0
parameter ends

state | action | reward
[0.01] | 1 | 1.0
0.011431722901761532 | 1 | 1.0
0.01438290998339653 | 1 | 1.0
0.021235382184386253 | 1 | 1.0
0.03199092671275139 | 1 | 1.0
0.04665275663137436 | 1 | 1.0
0.06522510945796967 | 1 | 1.0
0.08771265298128128 | 1 | 1.0
0.11411964148283005 | 1 | 1.0
Total reward: 9.0
-6.0, 6.0, -6.0, 6.0, -6.0, 6.0, -6.0, 6.0, -6.0, 6.0
parameter ends

state | action | reward
[-0.05] | 1 | 1.0
-0.04818223789334297 | 1 | 1.0
-0.04446814954280853 | 1 | 1.0
-0.03684956207871437 | 1 | 1.0
-0.02532494254410267 | 1 | 1.0
-0.009891362860798836 | 1 | 1.0
0.00945509597659111 | 1 | 1.0
0.03271874412894249 | 1 | 1.0
0.05990344285964966 | 0 | 1.0
Total reward: 9.0
-6.0, 6.0, -6.0, 6.0, -6.0, 6.0, -6.0, 6.0, -6.0, 6.0
parameter ends

state | action | reward
[0.04] | 1 | 1.0
0.044263239949941635 | 1 | 1.0
0.048939209431409836 | 1 | 1.0
0.0575290322303772 | 1 | 1.0
0.07003412395715714 | 1 | 1.0
0.08645700663328171 | 1 | 1.0
0.10680089145898819 | 1 | 1.0
0.13106891512870789 | 1 | 1.0
Total reward: 8.0
-6.0, 6.0, -6.0, 6.0, -6.0, 6.0, -6.0, 6.0, -6.0, 6.0
parameter ends

state | action | reward
[0.] | 1 | 1.0
0.004635360557585955 | 1 | 1.0
0.009321938268840313 | 1 | 1.0
0.017898809164762497 | 1 | 1.0
0.030368013307452202 | 1 | 1.0
0.046733200550079346 | 1 | 1.0
0.06699929386377335 | 1 | 1.0
0.0911719799041748 | 1 | 1.0
0.11925696581602097 | 1 | 1.0
0.15125900506973267 | 1 | 1.0
Total reward: 10.0
-6.0, 6.0, -6.0, 6.0, -6.0, 6.0, -6.0, 6.0, -6.0, 6.0
parameter ends

state | action | reward
[0.02] | 1 | 1.0
0.017466861754655838 | 1 | 1.0
0.0221111923456192 | 1 | 1.0
0.0306685958057642 | 1 | 1.0
0.04314025864005089 | 1 | 1.0
0.059528566896915436 | 1 | 1.0
0.07983669638633728 | 1 | 1.0
0.10406795889139175 | 1 | 1.0
0.13222487270832062 | 1 | 1.0
Total reward: 9.0
-6.0, 6.0, -6.0, 6.0, -6.0, 6.0, -6.0, 6.0, -6.0, 6.0
parameter ends

state | action | reward
[-0.03] | 1 | 1.0
-0.02653372660279274 | 1 | 1.0
-0.022304566577076912 | 1 | 1.0
-0.014173741452395916 | 1 | 1.0
-0.002139764605090022 | 1 | 1.0
0.013800319284200668 | 1 | 1.0
0.03365056589245796 | 1 | 1.0
0.057415563613176346 | 1 | 1.0
0.08509963750839233 | 1 | 1.0
0.11670578271150589 | 0 | 1.0
Total reward: 10.0
-6.0, 6.0, -6.0, 6.0, -6.0, 6.0, -6.0, 6.0, -6.0, 6.0
parameter ends

state | action | reward
[0.02] | 1 | 1.0
0.020334800705313683 | 1 | 1.0
0.023490525782108307 | 1 | 1.0
0.030537031590938568 | 1 | 1.0
0.041476164013147354 | 1 | 1.0
0.056311409920454025 | 1 | 1.0
0.07504754513502121 | 1 | 1.0
0.0976901724934578 | 1 | 1.0
0.12424495816230774 | 1 | 1.0
0.15471671521663666 | 1 | 1.0
Total reward: 10.0
-6.0, 6.0, -6.0, 6.0, -6.0, 6.0, -6.0, 6.0, -6.0, 6.0
parameter ends

state | action | reward
[-0.01] | 1 | 1.0
-0.008430151268839836 | 1 | 1.0
-0.00516127934679389 | 1 | 1.0
0.0020100863184779882 | 1 | 1.0
0.013085600920021534 | 1 | 1.0
0.028068337589502335 | 1 | 1.0
0.046962395310401917 | 1 | 1.0
0.06977230310440063 | 1 | 1.0
0.09650218486785889 | 1 | 1.0
Total reward: 9.0
-6.0, 6.0, -6.0, 6.0, -6.0, 6.0, -6.0, 6.0, -6.0, 6.0
parameter ends

state | action | reward
[0.04] | 1 | 1.0
0.044275082647800446 | 1 | 1.0
0.048660002648830414 | 1 | 1.0
0.05694873631000519 | 1 | 1.0
0.0691426694393158 | 1 | 1.0
0.08524464070796967 | 1 | 1.0
0.1052585169672966 | 1 | 1.0
0.1291886866092682 | 1 | 1.0
0.15703916549682617 | 1 | 1.0
Total reward: 9.0
-6.0, 6.0, -6.0, 6.0, -6.0, 6.0, -6.0, 6.0, -6.0, 6.0
parameter ends

state | action | reward
[-0.01] | 1 | 1.0
-0.01123755145817995 | 1 | 1.0
-0.007484864443540573 | 1 | 1.0
0.0001794692943803966 | 1 | 1.0
0.011756977066397667 | 1 | 1.0
0.027250362560153008 | 1 | 1.0
0.04666304215788841 | 1 | 1.0
0.06999845802783966 | 1 | 1.0
Total reward: 8.0
-6.0, 6.0, -6.0, 6.0, -6.0, 6.0, -6.0, 6.0, -6.0, 6.0
parameter ends

state | action | reward
[0.01] | 1 | 1.0
0.010465394705533981 | 1 | 1.0
0.0149069270119071 | 1 | 1.0
0.023243267089128494 | 1 | 1.0
0.035476069897413254 | 1 | 1.0
0.05160857364535332 | 1 | 1.0
0.07164526730775833 | 1 | 1.0
0.09559137374162674 | 1 | 1.0
0.12345211952924728 | 1 | 1.0
0.15523172914981842 | 1 | 1.0
Total reward: 10.0
-6.0, 6.0, -6.0, 6.0, -6.0, 6.0, -6.0, 6.0, -6.0, 6.0
parameter ends

state | action | reward
[0.05] | 1 | 1.0
0.046988870948553085 | 1 | 1.0
0.05053076520562172 | 1 | 1.0
0.057988543063402176 | 1 | 1.0
0.06936348229646683 | 1 | 1.0
0.0846579447388649 | 1 | 1.0
0.10387491434812546 | 1 | 1.0
0.12701727449893951 | 1 | 1.0
Total reward: 8.0
-6.0, 6.0, -6.0, 6.0, -6.0, 6.0, -6.0, 6.0, -6.0, 6.0
parameter ends

state | action | reward
[-0.01] | 1 | 1.0
-0.007302837446331978 | 1 | 1.0
-0.0032468780409544706 | 1 | 1.0
0.004709161352366209 | 1 | 1.0
0.0165668036788702 | 1 | 1.0
0.032329071313142776 | 1 | 1.0
0.05200011655688286 | 1 | 1.0
0.07558467984199524 | 1 | 1.0
0.10308732092380524 | 1 | 1.0
0.1345113217830658 | 0 | 1.0
Total reward: 10.0
-6.0, 6.0, -6.0, 6.0, -6.0, 6.0, -6.0, 6.0, -6.0, 6.0
parameter ends

state | action | reward
[3.82e-05] | 1 | 1.0
-7.35576031729579e-05 | 1 | 1.0
0.003705519251525402 | 1 | 1.0
0.011375327594578266 | 1 | 1.0
0.022937599569559097 | 1 | 1.0
0.0383957140147686 | 1 | 1.0
0.05775437876582146 | 1 | 1.0
0.08101914823055267 | 1 | 1.0
0.1081957221031189 | 1 | 1.0
0.1392890065908432 | 1 | 1.0
Total reward: 10.0
-6.0, 6.0, -6.0, 6.0, -6.0, 6.0, -6.0, 6.0, -6.0, 6.0
parameter ends

state | action | reward
[0.05] | 1 | 1.0
0.04926218464970589 | 1 | 1.0
0.053860485553741455 | 1 | 1.0
0.06237204372882843 | 1 | 1.0
0.07479804009199142 | 1 | 1.0
0.09114085137844086 | 1 | 1.0
0.11140364408493042 | 1 | 1.0
0.13558970391750336 | 1 | 1.0
0.16370150446891785 | 1 | 1.0
Total reward: 9.0
-6.0, 6.0, -6.0, 6.0, -6.0, 6.0, -6.0, 6.0, -6.0, 6.0
parameter ends

state | action | reward
[0.02] | 1 | 1.0
0.02431320585310459 | 1 | 1.0
0.028092777356505394 | 1 | 1.0
0.03578713908791542 | 1 | 1.0
0.04739765450358391 | 1 | 1.0
0.06292679905891418 | 1 | 1.0
0.08237765729427338 | 1 | 1.0
0.10575326532125473 | 1 | 1.0
Total reward: 8.0
-6.0, 6.0, -6.0, 6.0, -6.0, 6.0, -6.0, 6.0, -6.0, 6.0
parameter ends

state | action | reward
[0.03] | 1 | 1.0
0.03233865648508072 | 1 | 1.0
0.03548881784081459 | 1 | 1.0
0.04253779351711273 | 1 | 1.0
0.05348753184080124 | 1 | 1.0
0.0683414414525032 | 1 | 1.0
0.08710397779941559 | 1 | 1.0
0.10978007316589355 | 1 | 1.0
0.13637429475784302 | 1 | 1.0
0.1668897420167923 | 0 | 1.0
Total reward: 10.0
-6.0, 6.0, -6.0, 6.0, -6.0, 6.0, -6.0, 6.0, -6.0, 6.0
parameter ends

state | action | reward
[0.03] | 1 | 1.0
0.028814343735575676 | 1 | 1.0
0.03322504460811615 | 1 | 1.0
0.041551623493433 | 1 | 1.0
0.053795382380485535 | 1 | 1.0
0.06995870172977448 | 1 | 1.0
0.09004456549882889 | 1 | 1.0
0.11405585706233978 | 1 | 1.0
Total reward: 8.0
-6.0, 6.0, -6.0, 6.0, -6.0, 6.0, -6.0, 6.0, -6.0, 6.0
parameter ends

state | action | reward
[-0.04] | 1 | 1.0
-0.035943616181612015 | 1 | 1.0
-0.03232904523611069 | 1 | 1.0
-0.02481093630194664 | 1 | 1.0
-0.013387912884354591 | 1 | 1.0
0.0019428434316068888 | 1 | 1.0
0.021185223013162613 | 1 | 1.0
0.044343624264001846 | 1 | 1.0
0.07142212986946106 | 1 | 1.0
Total reward: 9.0
