5.9, 5.9, 5.9, 5.9, 5.9, 5.9, 5.9, 5.9, 5.9, 5.9
parameter ends

state | action | reward
[0.] | 0 | 1.0
0.0028033882845193148 | 0 | 1.0
-0.0010747667402029037 | 0 | 1.0
-0.008848664350807667 | 0 | 1.0
-0.02051982842385769 | 0 | 1.0
-0.036091361194849014 | 0 | 1.0
-0.05556763336062431 | 0 | 1.0
-0.07895375043153763 | 0 | 1.0
-0.10625485330820084 | 0 | 1.0
-0.13747510313987732 | 0 | 1.0
Total reward: 10.0
5.9, 5.9, 5.9, 5.9, 5.9, 5.9, 5.9, 5.9, 5.9, 5.9
parameter ends

state | action | reward
[0.02] | 0 | 1.0
0.017576148733496666 | 0 | 1.0
0.014493901282548904 | 0 | 1.0
0.007510202471166849 | 0 | 1.0
-0.0033767581917345524 | 0 | 1.0
-0.018170205876231194 | 0 | 1.0
-0.036874379962682724 | 0 | 1.0
-0.059493936598300934 | 0 | 1.0
-0.08603308349847794 | 0 | 1.0
Total reward: 9.0
5.9, 5.9, 5.9, 5.9, 5.9, 5.9, 5.9, 5.9, 5.9, 5.9
parameter ends

state | action | reward
[-0.03] | 0 | 1.0
-0.030526459217071533 | 0 | 1.0
-0.033435747027397156 | 0 | 1.0
-0.040251474827528 | 0 | 1.0
-0.050975244492292404 | 0 | 1.0
-0.06560999155044556 | 0 | 1.0
-0.08415953814983368 | 0 | 1.0
-0.10662798583507538 | 0 | 1.0
-0.13301880657672882 | 0 | 1.0
Total reward: 9.0
5.9, 5.9, 5.9, 5.9, 5.9, 5.9, 5.9, 5.9, 5.9, 5.9
parameter ends

state | action | reward
[0.05] | 0 | 1.0
0.04514449089765549 | 0 | 1.0
0.04027602821588516 | 0 | 1.0
0.03150341287255287 | 0 | 1.0
0.018825195729732513 | 0 | 1.0
0.0022385246120393276 | 0 | 1.0
-0.018260488286614418 | 0 | 1.0
-0.042676184326410294 | 0 | 1.0
-0.07101252675056458 | 0 | 1.0
Total reward: 9.0
5.9, 5.9, 5.9, 5.9, 5.9, 5.9, 5.9, 5.9, 5.9, 5.9
parameter ends

state | action | reward
[-0.02] | 0 | 1.0
-0.020877741277217865 | 0 | 1.0
-0.024639280512928963 | 0 | 1.0
-0.03231505677103996 | 0 | 1.0
-0.04390637204051018 | 0 | 1.0
-0.059415657073259354 | 0 | 1.0
-0.0788460373878479 | 0 | 1.0
-0.10220063477754593 | 0 | 1.0
Total reward: 8.0
5.9, 5.9, 5.9, 5.9, 5.9, 5.9, 5.9, 5.9, 5.9, 5.9
parameter ends

state | action | reward
[-0.02] | 0 | 1.0
-0.02010129950940609 | 0 | 1.0
-0.02428671531379223 | 0 | 1.0
-0.03236289322376251 | 0 | 1.0
-0.044331930577754974 | 0 | 1.0
-0.06019751355051994 | 0 | 1.0
-0.07996457815170288 | 0 | 1.0
-0.10363879799842834 | 0 | 1.0
-0.1312258094549179 | 0 | 1.0
-0.16273023188114166 | 0 | 1.0
Total reward: 10.0
5.9, 5.9, 5.9, 5.9, 5.9, 5.9, 5.9, 5.9, 5.9, 5.9
parameter ends

state | action | reward
[-0.03] | 0 | 1.0
-0.027648745104670525 | 0 | 1.0
-0.031052496284246445 | 0 | 1.0
-0.03836676478385925 | 0 | 1.0
-0.04959289729595184 | 0 | 1.0
-0.06473349034786224 | 0 | 1.0
-0.08379197120666504 | 0 | 1.0
-0.10677196830511093 | 0 | 1.0
-0.13367636501789093 | 0 | 1.0
Total reward: 9.0
5.9, 5.9, 5.9, 5.9, 5.9, 5.9, 5.9, 5.9, 5.9, 5.9
parameter ends

state | action | reward
[0.01] | 0 | 1.0
0.014638366177678108 | 0 | 1.0
0.011610929854214191 | 0 | 1.0
0.0046759904362261295 | 0 | 1.0
-0.006168135441839695 | 0 | 1.0
-0.0209244042634964 | 0 | 1.0
-0.03959660977125168 | 0 | 1.0
-0.062188707292079926 | 0 | 1.0
-0.08870392292737961 | 0 | 1.0
Total reward: 9.0
5.9, 5.9, 5.9, 5.9, 5.9, 5.9, 5.9, 5.9, 5.9, 5.9
parameter ends

state | action | reward
[-0.03] | 0 | 1.0
-0.03423153981566429 | 0 | 1.0
-0.03814423456788063 | 0 | 1.0
-0.0459587536752224 | 0 | 1.0
-0.05767665430903435 | 0 | 1.0
-0.07330093532800674 | 0 | 1.0
-0.0928356721997261 | 0 | 1.0
-0.11628546565771103 | 0 | 1.0
-0.14365458488464355 | 0 | 1.0
Total reward: 9.0
5.9, 5.9, 5.9, 5.9, 5.9, 5.9, 5.9, 5.9, 5.9, 5.9
parameter ends

state | action | reward
[0.04] | 0 | 1.0
0.041960861533880234 | 0 | 1.0
0.03754917159676552 | 0 | 1.0
0.02924795262515545 | 0 | 1.0
0.017055032774806023 | 0 | 1.0
0.000966635241638869 | 0 | 1.0
-0.019022280350327492 | 0 | 1.0
-0.04291749373078346 | 0 | 1.0
-0.07072479277849197 | 0 | 1.0
-0.1024489626288414 | 0 | 1.0
Total reward: 10.0
5.9, 5.9, 5.9, 5.9, 5.9, 5.9, 5.9, 5.9, 5.9, 5.9
parameter ends

state | action | reward
[0.03] | 0 | 1.0
0.03415495157241821 | 0 | 1.0
0.02990058995783329 | 0 | 1.0
0.0217523742467165 | 0 | 1.0
0.009708540514111519 | 0 | 1.0
-0.006234258878976107 | 0 | 1.0
-0.026080623269081116 | 0 | 1.0
-0.04983587935566902 | 0 | 1.0
-0.07750535011291504 | 0 | 1.0
-0.10909335315227509 | 0 | 1.0
Total reward: 10.0
5.9, 5.9, 5.9, 5.9, 5.9, 5.9, 5.9, 5.9, 5.9, 5.9
parameter ends

state | action | reward
[-0.] | 0 | 1.0
-0.0049243527464568615 | 0 | 1.0
-0.009538858197629452 | 0 | 1.0
-0.01805999130010605 | 0 | 1.0
-0.030489251017570496 | 0 | 1.0
-0.0468294657766819 | 0 | 1.0
-0.0670844092965126 | 0 | 1.0
-0.09125814586877823 | 0 | 1.0
-0.11935420334339142 | 0 | 1.0
Total reward: 9.0
5.9, 5.9, 5.9, 5.9, 5.9, 5.9, 5.9, 5.9, 5.9, 5.9
parameter ends

state | action | reward
[0.] | 0 | 1.0
0.0005697830347344279 | 0 | 1.0
-0.003096731146797538 | 0 | 1.0
-0.01066793967038393 | 0 | 1.0
-0.02214556746184826 | 0 | 1.0
-0.037532687187194824 | 0 | 1.0
-0.05683329701423645 | 0 | 1.0
-0.08005169779062271 | 0 | 1.0
-0.10719158500432968 | 0 | 1.0
Total reward: 9.0
5.9, 5.9, 5.9, 5.9, 5.9, 5.9, 5.9, 5.9, 5.9, 5.9
parameter ends

state | action | reward
[0.01] | 0 | 1.0
0.009093362838029861 | 0 | 1.0
0.005675280932337046 | 0 | 1.0
-0.0016315560787916183 | 0 | 1.0
-0.012828891165554523 | 0 | 1.0
-0.02792014554142952 | 0 | 1.0
-0.046910110861063004 | 0 | 1.0
-0.06980448216199875 | 0 | 1.0
-0.09660917520523071 | 0 | 1.0
-0.12732940912246704 | 0 | 1.0
-0.16196851432323456 | 0 | 1.0
Total reward: 11.0
5.9, 5.9, 5.9, 5.9, 5.9, 5.9, 5.9, 5.9, 5.9, 5.9
parameter ends

state | action | reward
[0.] | 0 | 1.0
0.0031485434155911207 | 0 | 1.0
0.00010797625873237848 | 0 | 1.0
-0.006820919457823038 | 0 | 1.0
-0.01764030009508133 | 0 | 1.0
-0.032353952527046204 | 0 | 1.0
-0.050966959446668625 | 0 | 1.0
-0.07348518073558807 | 0 | 1.0
-0.09991455078125 | 0 | 1.0
-0.13026009500026703 | 0 | 1.0
Total reward: 10.0
5.9, 5.9, 5.9, 5.9, 5.9, 5.9, 5.9, 5.9, 5.9, 5.9
parameter ends

state | action | reward
[0.02] | 0 | 1.0
0.025468306615948677 | 0 | 1.0
0.022370947524905205 | 0 | 1.0
0.015363739803433418 | 0 | 1.0
0.004445359110832214 | 0 | 1.0
-0.010386792942881584 | 0 | 1.0
-0.029136186465620995 | 0 | 1.0
-0.05180652439594269 | 0 | 1.0
-0.07840084284543991 | 0 | 1.0
Total reward: 9.0
5.9, 5.9, 5.9, 5.9, 5.9, 5.9, 5.9, 5.9, 5.9, 5.9
parameter ends

state | action | reward
[0.02] | 0 | 1.0
0.0180295892059803 | 0 | 1.0
0.014827604405581951 | 0 | 1.0
0.007718750741332769 | 0 | 1.0
-0.003298566211014986 | 0 | 1.0
-0.01822725124657154 | 0 | 1.0
-0.0370711013674736 | 0 | 1.0
-0.059834159910678864 | 0 | 1.0
-0.08651982992887497 | 0 | 1.0
Total reward: 9.0
5.9, 5.9, 5.9, 5.9, 5.9, 5.9, 5.9, 5.9, 5.9, 5.9
parameter ends

state | action | reward
[0.03] | 0 | 1.0
0.026136931031942368 | 0 | 1.0
0.021525826305150986 | 0 | 1.0
0.013022780418395996 | 0 | 1.0
0.0006258419016376138 | 0 | 1.0
-0.015668539330363274 | 0 | 1.0
-0.035865165293216705 | 0 | 1.0
-0.059969570487737656 | 0 | 1.0
-0.0879872739315033 | 0 | 1.0
-0.11992279440164566 | 0 | 1.0
Total reward: 10.0
5.9, 5.9, 5.9, 5.9, 5.9, 5.9, 5.9, 5.9, 5.9, 5.9
parameter ends

state | action | reward
[-0.02] | 0 | 1.0
-0.01735297404229641 | 0 | 1.0
-0.021162522956728935 | 0 | 1.0
-0.028876682743430138 | 0 | 1.0
-0.04049696400761604 | 0 | 1.0
-0.05602625757455826 | 0 | 1.0
-0.07546846568584442 | 0 | 1.0
-0.09882788360118866 | 0 | 1.0
-0.12610836327075958 | 0 | 1.0
Total reward: 9.0
5.9, 5.9, 5.9, 5.9, 5.9, 5.9, 5.9, 5.9, 5.9, 5.9
parameter ends

state | action | reward
[-0.04] | 0 | 1.0
-0.036447975784540176 | 0 | 1.0
-0.04067607969045639 | 0 | 1.0
-0.04881590977311134 | 0 | 1.0
-0.06086897850036621 | 0 | 1.0
-0.07683797180652618 | 0 | 1.0
-0.09672629833221436 | 0 | 1.0
-0.12053737789392471 | 0 | 1.0
Total reward: 8.0
