-6.0, -6.0, -6.0, -6.0, -6.0, -6.0, -6.0, -6.0, -6.0, -6.0
parameter ends

state | action | reward
[0.01] | 0 | 1.0
0.011271667666733265 | 0 | 1.0
0.007770899683237076 | 0 | 1.0
0.00036784945405088365 | 0 | 1.0
-0.010938873514533043 | 0 | 1.0
-0.026152126491069794 | 0 | 1.0
-0.04527587443590164 | 0 | 1.0
-0.06831463426351547 | 0 | 1.0
-0.09527268260717392 | 0 | 1.0
-0.12615297734737396 | 0 | 1.0
Total reward: 10.0
-6.0, -6.0, -6.0, -6.0, -6.0, -6.0, -6.0, -6.0, -6.0, -6.0
parameter ends

state | action | reward
[-0.02] | 0 | 1.0
-0.025661788880825043 | 0 | 1.0
-0.03027263842523098 | 0 | 1.0
-0.03878707438707352 | 0 | 1.0
-0.051206860691308975 | 0 | 1.0
-0.06753511726856232 | 0 | 1.0
-0.08777593821287155 | 0 | 1.0
-0.11193374544382095 | 0 | 1.0
-0.14001241326332092 | 0 | 1.0
Total reward: 9.0
-6.0, -6.0, -6.0, -6.0, -6.0, -6.0, -6.0, -6.0, -6.0, -6.0
parameter ends

state | action | reward
[-0.04] | 0 | 1.0
-0.04102374613285065 | 0 | 1.0
-0.04478232190012932 | 0 | 1.0
-0.05244544520974159 | 0 | 1.0
-0.06401468813419342 | 0 | 1.0
-0.07949299365282059 | 0 | 1.0
-0.09888429939746857 | 0 | 1.0
-0.12219291180372238 | 0 | 1.0
-0.14942266047000885 | 0 | 1.0
Total reward: 9.0
-6.0, -6.0, -6.0, -6.0, -6.0, -6.0, -6.0, -6.0, -6.0, -6.0
parameter ends

state | action | reward
[0.02] | 0 | 1.0
0.0211073886603117 | 0 | 1.0
0.016845786944031715 | 0 | 1.0
0.008672776632010937 | 0 | 1.0
-0.0034128485713154078 | 0 | 1.0
-0.019413551315665245 | 0 | 1.0
-0.039332639425992966 | 0 | 1.0
-0.06317363679409027 | 0 | 1.0
-0.09093936532735825 | 0 | 1.0
Total reward: 9.0
-6.0, -6.0, -6.0, -6.0, -6.0, -6.0, -6.0, -6.0, -6.0, -6.0
parameter ends

state | action | reward
[0.02] | 0 | 1.0
0.021672919392585754 | 0 | 1.0
0.018170678988099098 | 0 | 1.0
0.010757922194898129 | 0 | 1.0
-0.0005669333040714264 | 0 | 1.0
-0.015806671231985092 | 0 | 1.0
-0.034964822232723236 | 0 | 1.0
-0.05804496631026268 | 0 | 1.0
-0.08504978567361832 | 0 | 1.0
Total reward: 9.0
-6.0, -6.0, -6.0, -6.0, -6.0, -6.0, -6.0, -6.0, -6.0, -6.0
parameter ends

state | action | reward
[-0.01] | 0 | 1.0
-0.007942027412354946 | 0 | 1.0
-0.011638876050710678 | 0 | 1.0
-0.019244760274887085 | 0 | 1.0
-0.030761156231164932 | 0 | 1.0
-0.046190813183784485 | 0 | 1.0
-0.06553731858730316 | 0 | 1.0
-0.0888044610619545 | 0 | 1.0
-0.11599532514810562 | 0 | 1.0
Total reward: 9.0
-6.0, -6.0, -6.0, -6.0, -6.0, -6.0, -6.0, -6.0, -6.0, -6.0
parameter ends

state | action | reward
[-0.01] | 0 | 1.0
-0.014150301925837994 | 0 | 1.0
-0.018825512379407883 | 0 | 1.0
-0.0274138655513525 | 0 | 1.0
-0.039916783571243286 | 0 | 1.0
-0.056336842477321625 | 0 | 1.0
-0.07667729258537292 | 0 | 1.0
-0.10094138979911804 | 0 | 1.0
Total reward: 8.0
-6.0, -6.0, -6.0, -6.0, -6.0, -6.0, -6.0, -6.0, -6.0, -6.0
parameter ends

state | action | reward
[0.05] | 0 | 1.0
0.048215147107839584 | 0 | 1.0
0.045270614326000214 | 0 | 1.0
0.03841397166252136 | 0 | 1.0
0.027643797919154167 | 0 | 1.0
0.0129574965685606 | 0 | 1.0
-0.00564827024936676 | 0 | 1.0
-0.02817689999938011 | 0 | 1.0
-0.05463089421391487 | 0 | 1.0
Total reward: 9.0
-6.0, -6.0, -6.0, -6.0, -6.0, -6.0, -6.0, -6.0, -6.0, -6.0
parameter ends

state | action | reward
[0.05] | 0 | 1.0
0.046174339950084686 | 0 | 1.0
0.04149702191352844 | 0 | 1.0
0.03292788192629814 | 0 | 1.0
0.020464783534407616 | 0 | 1.0
0.004104024264961481 | 0 | 1.0
-0.016159314662218094 | 0 | 1.0
-0.04033082351088524 | 0 | 1.0
-0.06841600686311722 | 0 | 1.0
-0.10041924566030502 | 0 | 1.0
Total reward: 10.0
-6.0, -6.0, -6.0, -6.0, -6.0, -6.0, -6.0, -6.0, -6.0, -6.0
parameter ends

state | action | reward
[-0.02] | 0 | 1.0
-0.022970441728830338 | 0 | 1.0
-0.026120152324438095 | 0 | 1.0
-0.03316422924399376 | 0 | 1.0
-0.0441046841442585 | 0 | 1.0
-0.058945056051015854 | 0 | 1.0
-0.07769006490707397 | 0 | 1.0
-0.10034506767988205 | 0 | 1.0
-0.12691524624824524 | 0 | 1.0
-0.15740461647510529 | 0 | 1.0
Total reward: 10.0
-6.0, -6.0, -6.0, -6.0, -6.0, -6.0, -6.0, -6.0, -6.0, -6.0
parameter ends

state | action | reward
[0.] | 0 | 1.0
0.0018438157858327031 | 0 | 1.0
-0.0019230557372793555 | 0 | 1.0
-0.009593666531145573 | 0 | 1.0
-0.021169457584619522 | 0 | 1.0
-0.036653291434049606 | 0 | 1.0
-0.056049082428216934 | 0 | 1.0
-0.0793612077832222 | 0 | 1.0
-0.10659370571374893 | 0 | 1.0
Total reward: 9.0
-6.0, -6.0, -6.0, -6.0, -6.0, -6.0, -6.0, -6.0, -6.0, -6.0
parameter ends

state | action | reward
[0.05] | 0 | 1.0
0.048061519861221313 | 0 | 1.0
0.043696966022253036 | 0 | 1.0
0.035443853586912155 | 0 | 1.0
0.023300418630242348 | 0 | 1.0
0.0072632343508303165 | 0 | 1.0
-0.012672508135437965 | 0 | 1.0
-0.03651251643896103 | 0 | 1.0
-0.06426273286342621 | 0 | 1.0
-0.09592841565608978 | 0 | 1.0
-0.13151289522647858 | 0 | 1.0
Total reward: 11.0
-6.0, -6.0, -6.0, -6.0, -6.0, -6.0, -6.0, -6.0, -6.0, -6.0
parameter ends

state | action | reward
[-0.01] | 0 | 1.0
-0.012480109930038452 | 0 | 1.0
-0.015966646373271942 | 0 | 1.0
-0.02335016056895256 | 0 | 1.0
-0.03463263064622879 | 0 | 1.0
-0.0498175211250782 | 0 | 1.0
-0.0689094066619873 | 0 | 1.0
-0.09191339462995529 | 0 | 1.0
-0.11883432418107986 | 0 | 1.0
-0.1496756672859192 | 0 | 1.0
Total reward: 10.0
-6.0, -6.0, -6.0, -6.0, -6.0, -6.0, -6.0, -6.0, -6.0, -6.0
parameter ends

state | action | reward
[0.] | 0 | 1.0
0.004905383102595806 | 0 | 1.0
0.0011598308337852359 | 0 | 1.0
-0.006481458432972431 | 0 | 1.0
-0.018020296469330788 | 0 | 1.0
-0.03346003592014313 | 0 | 1.0
-0.05280522257089615 | 0 | 1.0
-0.07606104016304016 | 0 | 1.0
-0.10323254764080048 | 0 | 1.0
-0.13432365655899048 | 0 | 1.0
Total reward: 10.0
-6.0, -6.0, -6.0, -6.0, -6.0, -6.0, -6.0, -6.0, -6.0, -6.0
parameter ends

state | action | reward
[-0.03] | 0 | 1.0
-0.030437899753451347 | 0 | 1.0
-0.03359408304095268 | 0 | 1.0
-0.0406607948243618 | 0 | 1.0
-0.051639460027217865 | 0 | 1.0
-0.06653274595737457 | 0 | 1.0
-0.0853441134095192 | 0 | 1.0
-0.10807716846466064 | 0 | 1.0
-0.13473473489284515 | 0 | 1.0
Total reward: 9.0
-6.0, -6.0, -6.0, -6.0, -6.0, -6.0, -6.0, -6.0, -6.0, -6.0
parameter ends

state | action | reward
[-0.05] | 0 | 1.0
-0.045740239322185516 | 0 | 1.0
-0.04966547340154648 | 0 | 1.0
-0.05750306695699692 | 0 | 1.0
-0.06925429403781891 | 0 | 1.0
-0.08492163568735123 | 0 | 1.0
-0.10450836271047592 | 0 | 1.0
-0.128017857670784 | 0 | 1.0
-0.15545271337032318 | 0 | 1.0
Total reward: 9.0
-6.0, -6.0, -6.0, -6.0, -6.0, -6.0, -6.0, -6.0, -6.0, -6.0
parameter ends

state | action | reward
[0.] | 0 | 1.0
0.0008707452798262239 | 0 | 1.0
-0.0023615281097590923 | 0 | 1.0
-0.009495386853814125 | 0 | 1.0
-0.02053271047770977 | 0 | 1.0
-0.03547677770256996 | 0 | 1.0
-0.05433185398578644 | 0 | 1.0
-0.07710258662700653 | 0 | 1.0
-0.10379312187433243 | 0 | 1.0
Total reward: 9.0
-6.0, -6.0, -6.0, -6.0, -6.0, -6.0, -6.0, -6.0, -6.0, -6.0
parameter ends

state | action | reward
[-0.04] | 0 | 1.0
-0.04234975576400757 | 0 | 1.0
-0.04638609662652016 | 0 | 1.0
-0.05433099344372749 | 0 | 1.0
-0.06618577241897583 | 0 | 1.0
-0.08195308595895767 | 0 | 1.0
-0.10163647681474686 | 0 | 1.0
-0.12523981928825378 | 0 | 1.0
-0.1527663618326187 | 0 | 1.0
Total reward: 9.0
-6.0, -6.0, -6.0, -6.0, -6.0, -6.0, -6.0, -6.0, -6.0, -6.0
parameter ends

state | action | reward
[-0.] | 0 | 1.0
-0.0016154182376340032 | 0 | 1.0
-0.0056757619604468346 | 0 | 1.0
-0.013627167791128159 | 0 | 1.0
-0.02547125518321991 | 0 | 1.0
-0.04121130332350731 | 0 | 1.0
-0.06085192784667015 | 0 | 1.0
-0.08439862728118896 | 0 | 1.0
-0.11185707151889801 | 0 | 1.0
-0.14323218166828156 | 0 | 1.0
Total reward: 10.0
-6.0, -6.0, -6.0, -6.0, -6.0, -6.0, -6.0, -6.0, -6.0, -6.0
parameter ends

state | action | reward
[0.02] | 0 | 1.0
0.0159256923943758 | 0 | 1.0
0.01216148305684328 | 0 | 1.0
0.004491605795919895 | 0 | 1.0
-0.007085474207997322 | 0 | 1.0
-0.022572645917534828 | 0 | 1.0
-0.04197375476360321 | 0 | 1.0
-0.06529298424720764 | 0 | 1.0
-0.09253399074077606 | 0 | 1.0
Total reward: 9.0
