5.5, 5.5, 5.5, 5.5, 5.5, 5.5, 5.5, 5.5, 5.5, 5.5
parameter ends

state | action | reward
[-0.03] | 0 | 1.0
-0.03044217638671398 | 0 | 1.0
-0.03395841270685196 | 0 | 1.0
-0.04137695953249931 | 0 | 1.0
-0.052699651569128036 | 0 | 1.0
-0.067929707467556 | 0 | 1.0
-0.08707132935523987 | 0 | 1.0
-0.11012908816337585 | 0 | 1.0
-0.1371070295572281 | 0 | 1.0
Total reward: 9.0
5.5, 5.5, 5.5, 5.5, 5.5, 5.5, 5.5, 5.5, 5.5, 5.5
parameter ends

state | action | reward
[0.01] | 0 | 1.0
0.015019269660115242 | 0 | 1.0
0.011279088445007801 | 0 | 1.0
0.003626816440373659 | 0 | 1.0
-0.007939059287309647 | 0 | 1.0
-0.023421216756105423 | 0 | 1.0
-0.042823031544685364 | 0 | 1.0
-0.06614788621664047 | 0 | 1.0
Total reward: 8.0
5.5, 5.5, 5.5, 5.5, 5.5, 5.5, 5.5, 5.5, 5.5, 5.5
parameter ends

state | action | reward
[0.04] | 0 | 1.0
0.044329386204481125 | 0 | 1.0
0.04007330909371376 | 0 | 1.0
0.031902607530355453 | 0 | 1.0
0.019815804436802864 | 0 | 1.0
0.003810338908806443 | 0 | 1.0
-0.01611693762242794 | 0 | 1.0
-0.039969030767679214 | 0 | 1.0
Total reward: 8.0
5.5, 5.5, 5.5, 5.5, 5.5, 5.5, 5.5, 5.5, 5.5, 5.5
parameter ends

state | action | reward
[-0.05] | 0 | 1.0
-0.04508358612656593 | 0 | 1.0
-0.04813627898693085 | 0 | 1.0
-0.05508262291550636 | 0 | 1.0
-0.06592457741498947 | 0 | 1.0
-0.08066565543413162 | 0 | 1.0
-0.09931057691574097 | 0 | 1.0
-0.12186475843191147 | 0 | 1.0
-0.14833348989486694 | 0 | 1.0
-0.17872095108032227 | 0 | 1.0
Total reward: 10.0
5.5, 5.5, 5.5, 5.5, 5.5, 5.5, 5.5, 5.5, 5.5, 5.5
parameter ends

state | action | reward
[-0.01] | 0 | 1.0
-0.013951718807220459 | 0 | 1.0
-0.01774807646870613 | 0 | 1.0
-0.025436412543058395 | 0 | 1.0
-0.037018466740846634 | 0 | 1.0
-0.05249759182333946 | 0 | 1.0
-0.07187845557928085 | 0 | 1.0
-0.09516651183366776 | 0 | 1.0
-0.12236732989549637 | 0 | 1.0
-0.15348558127880096 | 0 | 1.0
Total reward: 10.0
5.5, 5.5, 5.5, 5.5, 5.5, 5.5, 5.5, 5.5, 5.5, 5.5
parameter ends

state | action | reward
[0.03] | 0 | 1.0
0.02864144928753376 | 0 | 1.0
0.025364385917782784 | 0 | 1.0
0.018185308203101158 | 0 | 1.0
0.007102488074451685 | 0 | 1.0
-0.007887212559580803 | 0 | 1.0
-0.026787957176566124 | 0 | 1.0
-0.04960433021187782 | 0 | 1.0
-0.07634049654006958 | 0 | 1.0
Total reward: 9.0
5.5, 5.5, 5.5, 5.5, 5.5, 5.5, 5.5, 5.5, 5.5, 5.5
parameter ends

state | action | reward
[-0.01] | 0 | 1.0
-0.007867304608225822 | 0 | 1.0
-0.012500770390033722 | 0 | 1.0
-0.021028200164437294 | 0 | 1.0
-0.033451180905103683 | 0 | 1.0
-0.04977290332317352 | 0 | 1.0
-0.06999785453081131 | 0 | 1.0
-0.09413130581378937 | 0 | 1.0
-0.1221785917878151 | 0 | 1.0
-0.15414415299892426 | 0 | 1.0
Total reward: 10.0
5.5, 5.5, 5.5, 5.5, 5.5, 5.5, 5.5, 5.5, 5.5, 5.5
parameter ends

state | action | reward
[-0.] | 0 | 1.0
-0.0013440323527902365 | 0 | 1.0
-0.004682415630668402 | 0 | 1.0
-0.011909931898117065 | 0 | 1.0
-0.023028545081615448 | 0 | 1.0
-0.0380418635904789 | 0 | 1.0
-0.05695480480790138 | 0 | 1.0
-0.07977311313152313 | 0 | 1.0
-0.10650265961885452 | 0 | 1.0
-0.1371484398841858 | 0 | 1.0
Total reward: 10.0
5.5, 5.5, 5.5, 5.5, 5.5, 5.5, 5.5, 5.5, 5.5, 5.5
parameter ends

state | action | reward
[0.03] | 0 | 1.0
0.033342547714710236 | 0 | 1.0
0.03023783303797245 | 0 | 1.0
0.02322680875658989 | 0 | 1.0
0.012308158911764622 | 0 | 1.0
-0.0025208157021552324 | 0 | 1.0
-0.021263809874653816 | 0 | 1.0
-0.043924927711486816 | 0 | 1.0
-0.07050784677267075 | 0 | 1.0
Total reward: 9.0
5.5, 5.5, 5.5, 5.5, 5.5, 5.5, 5.5, 5.5, 5.5, 5.5
parameter ends

state | action | reward
[0.] | 0 | 1.0
0.0025537011679261923 | 0 | 1.0
-0.0012864019954577088 | 0 | 1.0
-0.00901777297258377 | 0 | 1.0
-0.020642468705773354 | 0 | 1.0
-0.03616413474082947 | 0 | 1.0
-0.05558767169713974 | 0 | 1.0
-0.0789186879992485 | 0 | 1.0
-0.10616277158260345 | 0 | 1.0
-0.1373244822025299 | 0 | 1.0
Total reward: 10.0
5.5, 5.5, 5.5, 5.5, 5.5, 5.5, 5.5, 5.5, 5.5, 5.5
parameter ends

state | action | reward
[-0.02] | 0 | 1.0
-0.019373111426830292 | 0 | 1.0
-0.02416481077671051 | 0 | 1.0
-0.03287000209093094 | 0 | 1.0
-0.04548985883593559 | 0 | 1.0
-0.06202675774693489 | 0 | 1.0
-0.08248383551836014 | 0 | 1.0
-0.10686434805393219 | 0 | 1.0
-0.13517074286937714 | 0 | 1.0
Total reward: 9.0
5.5, 5.5, 5.5, 5.5, 5.5, 5.5, 5.5, 5.5, 5.5, 5.5
parameter ends

state | action | reward
[-0.] | 0 | 1.0
-0.003431134158745408 | 0 | 1.0
-0.007471244782209396 | 0 | 1.0
-0.015405094251036644 | 0 | 1.0
-0.02723478153347969 | 0 | 1.0
-0.04296394810080528 | 0 | 1.0
-0.06259740144014359 | 0 | 1.0
-0.08614055812358856 | 0 | 1.0
-0.11359868198633194 | 0 | 1.0
-0.14497581124305725 | 0 | 1.0
Total reward: 10.0
5.5, 5.5, 5.5, 5.5, 5.5, 5.5, 5.5, 5.5, 5.5, 5.5
parameter ends

state | action | reward
[0.] | 0 | 1.0
0.004392474424093962 | 0 | 1.0
0.0009004532475955784 | 0 | 1.0
-0.006499024573713541 | 0 | 1.0
-0.017807241529226303 | 0 | 1.0
-0.03302683308720589 | 0 | 1.0
-0.052161410450935364 | 0 | 1.0
-0.07521495223045349 | 0 | 1.0
-0.10219095647335052 | 0 | 1.0
Total reward: 9.0
5.5, 5.5, 5.5, 5.5, 5.5, 5.5, 5.5, 5.5, 5.5, 5.5
parameter ends

state | action | reward
[0.03] | 0 | 1.0
0.025094330310821533 | 0 | 1.0
0.02048720233142376 | 0 | 1.0
0.011988507583737373 | 0 | 1.0
-0.00040357004036195576 | 0 | 1.0
-0.016692467033863068 | 0 | 1.0
-0.0368829108774662 | 0 | 1.0
-0.0609804168343544 | 0 | 1.0
-0.08899058401584625 | 0 | 1.0
-0.12091811001300812 | 0 | 1.0
Total reward: 10.0
5.5, 5.5, 5.5, 5.5, 5.5, 5.5, 5.5, 5.5, 5.5, 5.5
parameter ends

state | action | reward
[0.02] | 0 | 1.0
0.023199036717414856 | 0 | 1.0
0.019986098632216454 | 0 | 1.0
0.01287894044071436 | 0 | 1.0
0.0018758653895929456 | 0 | 1.0
-0.013026406988501549 | 0 | 1.0
-0.031832415610551834 | 0 | 1.0
-0.05454743653535843 | 0 | 1.0
-0.0811767652630806 | 0 | 1.0
-0.11172470450401306 | 0 | 1.0
Total reward: 10.0
5.5, 5.5, 5.5, 5.5, 5.5, 5.5, 5.5, 5.5, 5.5, 5.5
parameter ends

state | action | reward
[0.01] | 0 | 1.0
0.004986459389328957 | 0 | 1.0
0.0009792166529223323 | 0 | 1.0
-0.006927351001650095 | 0 | 1.0
-0.018734721466898918 | 0 | 1.0
-0.03444588929414749 | 0 | 1.0
-0.054065026342868805 | 0 | 1.0
-0.07759693264961243 | 0 | 1.0
-0.10504627972841263 | 0 | 1.0
-0.13641655445098877 | 0 | 1.0
Total reward: 10.0
5.5, 5.5, 5.5, 5.5, 5.5, 5.5, 5.5, 5.5, 5.5, 5.5
parameter ends

state | action | reward
[-0.04] | 0 | 1.0
-0.03612523898482323 | 0 | 1.0
-0.040019262582063675 | 0 | 1.0
-0.047820817679166794 | 0 | 1.0
-0.05953165143728256 | 0 | 1.0
-0.07515476644039154 | 0 | 1.0
-0.09469398111104965 | 0 | 1.0
-0.11815323680639267 | 0 | 1.0
-0.14553570747375488 | 0 | 1.0
Total reward: 9.0
5.5, 5.5, 5.5, 5.5, 5.5, 5.5, 5.5, 5.5, 5.5, 5.5
parameter ends

state | action | reward
[-0.05] | 0 | 1.0
-0.04716484248638153 | 0 | 1.0
-0.050718724727630615 | 0 | 1.0
-0.05818812549114227 | 0 | 1.0
-0.06957413256168365 | 0 | 1.0
-0.08487899601459503 | 0 | 1.0
-0.10410565137863159 | 0 | 1.0
-0.1272571086883545 | 0 | 1.0
Total reward: 8.0
5.5, 5.5, 5.5, 5.5, 5.5, 5.5, 5.5, 5.5, 5.5, 5.5
parameter ends

state | action | reward
[-0.04] | 0 | 1.0
-0.03459499031305313 | 0 | 1.0
-0.037881605327129364 | 0 | 1.0
-0.04506771266460419 | 0 | 1.0
-0.05615493282675743 | 0 | 1.0
-0.0711463913321495 | 0 | 1.0
-0.09004633128643036 | 0 | 1.0
-0.1128595694899559 | 0 | 1.0
-0.13959069550037384 | 0 | 1.0
-0.170243039727211 | 0 | 1.0
Total reward: 10.0
5.5, 5.5, 5.5, 5.5, 5.5, 5.5, 5.5, 5.5, 5.5, 5.5
parameter ends

state | action | reward
[-0.02] | 0 | 1.0
-0.016195660457015038 | 0 | 1.0
-0.020641542971134186 | 0 | 1.0
-0.028994198888540268 | 0 | 1.0
-0.04125506058335304 | 0 | 1.0
-0.05742691457271576 | 0 | 1.0
-0.07751348614692688 | 0 | 1.0
-0.10151882469654083 | 0 | 1.0
-0.12944647669792175 | 0 | 1.0
Total reward: 9.0
