5.3, 5.3, 5.3, 5.3, 5.3, 5.3, 5.3, 5.3, 5.3, 5.3
parameter ends

state | action | reward
[0.03] | 0 | 1.0
0.02804793417453766 | 0 | 1.0
0.023943694308400154 | 0 | 1.0
0.01594831421971321 | 0 | 1.0
0.004059929866343737 | 0 | 1.0
-0.011724943295121193 | 0 | 1.0
-0.03141108527779579 | 0 | 1.0
-0.0550040565431118 | 0 | 1.0
-0.08250949531793594 | 0 | 1.0
-0.11393214762210846 | 0 | 1.0
Total reward: 10.0
5.3, 5.3, 5.3, 5.3, 5.3, 5.3, 5.3, 5.3, 5.3, 5.3
parameter ends

state | action | reward
[-0.02] | 0 | 1.0
-0.015728997066617012 | 0 | 1.0
-0.01907193474471569 | 0 | 1.0
-0.026311034336686134 | 0 | 1.0
-0.03744804859161377 | 0 | 1.0
-0.05248626694083214 | 0 | 1.0
-0.07143017649650574 | 0 | 1.0
-0.09428492188453674 | 0 | 1.0
-0.12105551362037659 | 0 | 1.0
-0.15174582600593567 | 0 | 1.0
Total reward: 10.0
5.3, 5.3, 5.3, 5.3, 5.3, 5.3, 5.3, 5.3, 5.3, 5.3
parameter ends

state | action | reward
[0.01] | 0 | 1.0
0.007395513821393251 | 0 | 1.0
0.003569452790543437 | 0 | 1.0
-0.0041500478982925415 | 0 | 1.0
-0.015764547511935234 | 0 | 1.0
-0.03127722814679146 | 0 | 1.0
-0.05069257691502571 | 0 | 1.0
-0.07401588559150696 | 0 | 1.0
-0.10125257819890976 | 0 | 1.0
-0.13240718841552734 | 0 | 1.0
Total reward: 10.0
5.3, 5.3, 5.3, 5.3, 5.3, 5.3, 5.3, 5.3, 5.3, 5.3
parameter ends

state | action | reward
[0.01] | 0 | 1.0
0.005641689524054527 | 0 | 1.0
0.0012524694902822375 | 0 | 1.0
-0.007042954675853252 | 0 | 1.0
-0.019246065989136696 | 0 | 1.0
-0.0353596992790699 | 0 | 1.0
-0.05538764223456383 | 0 | 1.0
-0.07933401316404343 | 0 | 1.0
-0.10720241069793701 | 0 | 1.0
Total reward: 9.0
5.3, 5.3, 5.3, 5.3, 5.3, 5.3, 5.3, 5.3, 5.3, 5.3
parameter ends

state | action | reward
[-0.01] | 0 | 1.0
-0.007170571479946375 | 0 | 1.0
-0.011216429993510246 | 0 | 1.0
-0.01916350983083248 | 0 | 1.0
-0.0310137290507555 | 0 | 1.0
-0.046770401298999786 | 0 | 1.0
-0.06643784046173096 | 0 | 1.0
-0.09002072364091873 | 0 | 1.0
-0.11752325296401978 | 0 | 1.0
Total reward: 9.0
5.3, 5.3, 5.3, 5.3, 5.3, 5.3, 5.3, 5.3, 5.3, 5.3
parameter ends

state | action | reward
[0.04] | 0 | 1.0
0.0355909988284111 | 0 | 1.0
0.03136609494686127 | 0 | 1.0
0.02323107421398163 | 0 | 1.0
0.011184735223650932 | 0 | 1.0
-0.004775412380695343 | 0 | 1.0
-0.024652764201164246 | 0 | 1.0
-0.04845099523663521 | 0 | 1.0
-0.07617319375276566 | 0 | 1.0
Total reward: 9.0
5.3, 5.3, 5.3, 5.3, 5.3, 5.3, 5.3, 5.3, 5.3, 5.3
parameter ends

state | action | reward
[-0.02] | 0 | 1.0
-0.019172925502061844 | 0 | 1.0
-0.023793715983629227 | 0 | 1.0
-0.03232792019844055 | 0 | 1.0
-0.0447767898440361 | 0 | 1.0
-0.06114276126027107 | 0 | 1.0
-0.08142901957035065 | 0 | 1.0
-0.10563880205154419 | 0 | 1.0
Total reward: 8.0
5.3, 5.3, 5.3, 5.3, 5.3, 5.3, 5.3, 5.3, 5.3, 5.3
parameter ends

state | action | reward
[0.02] | 0 | 1.0
0.01612664945423603 | 0 | 1.0
0.011801330372691154 | 0 | 1.0
0.0035735333804041147 | 0 | 1.0
-0.008558402769267559 | 0 | 1.0
-0.02459755539894104 | 0 | 1.0
-0.04454802721738815 | 0 | 1.0
-0.0684143453836441 | 0 | 1.0
-0.09620064496994019 | 0 | 1.0
Total reward: 9.0
5.3, 5.3, 5.3, 5.3, 5.3, 5.3, 5.3, 5.3, 5.3, 5.3
parameter ends

state | action | reward
[-0.03] | 0 | 1.0
-0.03330811858177185 | 0 | 1.0
-0.03637200966477394 | 0 | 1.0
-0.04333028197288513 | 0 | 1.0
-0.05418502911925316 | 0 | 1.0
-0.06893987208604813 | 0 | 1.0
-0.08759959042072296 | 0 | 1.0
-0.11016952991485596 | 0 | 1.0
-0.13665488362312317 | 0 | 1.0
-0.1670595407485962 | 0 | 1.0
Total reward: 10.0
5.3, 5.3, 5.3, 5.3, 5.3, 5.3, 5.3, 5.3, 5.3, 5.3
parameter ends

state | action | reward
[0.01] | 0 | 1.0
0.011574875563383102 | 0 | 1.0
0.007198437117040157 | 0 | 1.0
-0.0010797751601785421 | 0 | 1.0
-0.013261140324175358 | 0 | 1.0
-0.029348518699407578 | 0 | 1.0
-0.049345895648002625 | 0 | 1.0
-0.07325783371925354 | 0 | 1.0
-0.10108869522809982 | 0 | 1.0
-0.132841557264328 | 0 | 1.0
Total reward: 10.0
5.3, 5.3, 5.3, 5.3, 5.3, 5.3, 5.3, 5.3, 5.3, 5.3
parameter ends

state | action | reward
[0.01] | 0 | 1.0
0.007815682329237461 | 0 | 1.0
0.004889706615358591 | 0 | 1.0
-0.001928596175275743 | 0 | 1.0
-0.012640774250030518 | 0 | 1.0
-0.0272500179708004 | 0 | 1.0
-0.045760851353406906 | 0 | 1.0
-0.06817865371704102 | 0 | 1.0
-0.09450896084308624 | 0 | 1.0
-0.12475652247667313 | 0 | 1.0
Total reward: 10.0
5.3, 5.3, 5.3, 5.3, 5.3, 5.3, 5.3, 5.3, 5.3, 5.3
parameter ends

state | action | reward
[0.03] | 0 | 1.0
0.0298910029232502 | 0 | 1.0
0.026175906881690025 | 0 | 1.0
0.018548311665654182 | 0 | 1.0
0.007007059175521135 | 0 | 1.0
-0.008450246416032314 | 0 | 1.0
-0.027826815843582153 | 0 | 1.0
-0.05112603306770325 | 0 | 1.0
-0.07835055887699127 | 0 | 1.0
Total reward: 9.0
5.3, 5.3, 5.3, 5.3, 5.3, 5.3, 5.3, 5.3, 5.3, 5.3
parameter ends

state | action | reward
[-0.] | 0 | 1.0
-0.0017056846991181374 | 0 | 1.0
-0.005216268356889486 | 0 | 1.0
-0.012622079811990261 | 0 | 1.0
-0.023924648761749268 | 0 | 1.0
-0.03912709653377533 | 0 | 1.0
-0.05823381617665291 | 0 | 1.0
-0.08124995976686478 | 0 | 1.0
-0.10818073153495789 | 0 | 1.0
-0.1390303671360016 | 0 | 1.0
Total reward: 10.0
5.3, 5.3, 5.3, 5.3, 5.3, 5.3, 5.3, 5.3, 5.3, 5.3
parameter ends

state | action | reward
[0.02] | 0 | 1.0
0.019062165170907974 | 0 | 1.0
0.014518656767904758 | 0 | 1.0
0.006074877921491861 | 0 | 1.0
-0.0062707033939659595 | 0 | 1.0
-0.022521110251545906 | 0 | 1.0
-0.042680494487285614 | 0 | 1.0
-0.06675358861684799 | 0 | 1.0
-0.09474490582942963 | 0 | 1.0
-0.12665767967700958 | 0 | 1.0
Total reward: 10.0
5.3, 5.3, 5.3, 5.3, 5.3, 5.3, 5.3, 5.3, 5.3, 5.3
parameter ends

state | action | reward
[0.03] | 0 | 1.0
0.029700472950935364 | 0 | 1.0
0.02591947466135025 | 0 | 1.0
0.018250316381454468 | 0 | 1.0
0.006690954323858023 | 0 | 1.0
-0.00876230001449585 | 0 | 1.0
-0.028114458546042442 | 0 | 1.0
-0.051371362060308456 | 0 | 1.0
-0.07853896915912628 | 0 | 1.0
-0.10962241888046265 | 0 | 1.0
Total reward: 10.0
5.3, 5.3, 5.3, 5.3, 5.3, 5.3, 5.3, 5.3, 5.3, 5.3
parameter ends

state | action | reward
[-0.02] | 0 | 1.0
-0.01705162599682808 | 0 | 1.0
-0.021151946857571602 | 0 | 1.0
-0.029148690402507782 | 0 | 1.0
-0.04104355350136757 | 0 | 1.0
-0.056839779019355774 | 0 | 1.0
-0.07654181122779846 | 0 | 1.0
-0.10015474259853363 | 0 | 1.0
-0.1276835948228836 | 0 | 1.0
-0.1591322124004364 | 0 | 1.0
Total reward: 10.0
5.3, 5.3, 5.3, 5.3, 5.3, 5.3, 5.3, 5.3, 5.3, 5.3
parameter ends

state | action | reward
[-0.01] | 0 | 1.0
-0.012705461122095585 | 0 | 1.0
-0.016517970710992813 | 0 | 1.0
-0.02421979047358036 | 0 | 1.0
-0.03581276908516884 | 0 | 1.0
-0.05130040645599365 | 0 | 1.0
-0.07068754732608795 | 0 | 1.0
-0.09397988021373749 | 0 | 1.0
-0.12118325382471085 | 0 | 1.0
-0.15230274200439453 | 0 | 1.0
Total reward: 10.0
5.3, 5.3, 5.3, 5.3, 5.3, 5.3, 5.3, 5.3, 5.3, 5.3
parameter ends

state | action | reward
[-0.04] | 0 | 1.0
-0.04148714616894722 | 0 | 1.0
-0.04463305324316025 | 0 | 1.0
-0.05167270451784134 | 0 | 1.0
-0.06260770559310913 | 0 | 1.0
-0.0774412751197815 | 0 | 1.0
-0.09617792069911957 | 0 | 1.0
-0.11882292479276657 | 0 | 1.0
-0.14538167417049408 | 0 | 1.0
-0.17585860192775726 | 0 | 1.0
Total reward: 10.0
5.3, 5.3, 5.3, 5.3, 5.3, 5.3, 5.3, 5.3, 5.3, 5.3
parameter ends

state | action | reward
[-0.02] | 0 | 1.0
-0.021264195442199707 | 0 | 1.0
-0.02454976737499237 | 0 | 1.0
-0.03172967582941055 | 0 | 1.0
-0.04280553013086319 | 0 | 1.0
-0.05778053030371666 | 0 | 1.0
-0.07665915787220001 | 0 | 1.0
-0.09944666177034378 | 0 | 1.0
-0.12614832818508148 | 0 | 1.0
-0.15676851570606232 | 0 | 1.0
Total reward: 10.0
5.3, 5.3, 5.3, 5.3, 5.3, 5.3, 5.3, 5.3, 5.3, 5.3
parameter ends

state | action | reward
[0.02] | 0 | 1.0
0.01856665126979351 | 0 | 1.0
0.01396925374865532 | 0 | 1.0
0.005471452604979277 | 0 | 1.0
-0.006928584538400173 | 0 | 1.0
-0.023234127089381218 | 0 | 1.0
-0.043449483811855316 | 0 | 1.0
-0.06757941842079163 | 0 | 1.0
-0.0956282988190651 | 0 | 1.0
Total reward: 9.0
