5.0, 5.0, 5.0, 5.0, 5.0, 5.0, 5.0, 5.0, 5.0, 5.0
parameter ends

state | action | reward
[-0.02] | 0 | 1.0
-0.02517671138048172 | 0 | 1.0
-0.029941735789179802 | 0 | 1.0
-0.03860479220747948 | 0 | 1.0
-0.05116736888885498 | 0 | 1.0
-0.06763248145580292 | 0 | 1.0
-0.08800437301397324 | 0 | 1.0
-0.1122879609465599 | 0 | 1.0
-0.14048807322978973 | 0 | 1.0
-0.17260847985744476 | 0 | 1.0
Total reward: 10.0
5.0, 5.0, 5.0, 5.0, 5.0, 5.0, 5.0, 5.0, 5.0, 5.0
parameter ends

state | action | reward
[0.04] | 0 | 1.0
0.03647919371724129 | 0 | 1.0
0.03162432834506035 | 0 | 1.0
0.0228658989071846 | 0 | 1.0
0.010202069766819477 | 0 | 1.0
-0.006370346061885357 | 0 | 1.0
-0.0268554724752903 | 0 | 1.0
-0.05125773325562477 | 0 | 1.0
-0.07958097010850906 | 0 | 1.0
Total reward: 9.0
5.0, 5.0, 5.0, 5.0, 5.0, 5.0, 5.0, 5.0, 5.0, 5.0
parameter ends

state | action | reward
[0.04] | 0 | 1.0
0.045130763202905655 | 0 | 1.0
0.04143477603793144 | 0 | 1.0
0.03384926915168762 | 0 | 1.0
0.022372310981154442 | 0 | 1.0
0.007000319194048643 | 0 | 1.0
-0.012271596118807793 | 0 | 1.0
-0.03544914349913597 | 0 | 1.0
-0.06253813952207565 | 0 | 1.0
-0.09354355931282043 | 0 | 1.0
Total reward: 10.0
5.0, 5.0, 5.0, 5.0, 5.0, 5.0, 5.0, 5.0, 5.0, 5.0
parameter ends

state | action | reward
[0.03] | 0 | 1.0
0.02794312685728073 | 0 | 1.0
0.023510457947850227 | 0 | 1.0
0.015162927098572254 | 0 | 1.0
0.0028992986772209406 | 0 | 1.0
-0.013282799161970615 | 0 | 1.0
-0.03338642045855522 | 0 | 1.0
-0.05741461366415024 | 0 | 1.0
Total reward: 8.0
5.0, 5.0, 5.0, 5.0, 5.0, 5.0, 5.0, 5.0, 5.0, 5.0
parameter ends

state | action | reward
[0.01] | 0 | 1.0
0.00819928664714098 | 0 | 1.0
0.005145513918250799 | 0 | 1.0
-0.0018203650834038854 | 0 | 1.0
-0.012699596583843231 | 0 | 1.0
-0.027494652196764946 | 0 | 1.0
-0.046208806335926056 | 0 | 1.0
-0.0688454881310463 | 0 | 1.0
-0.09540735185146332 | 0 | 1.0
Total reward: 9.0
5.0, 5.0, 5.0, 5.0, 5.0, 5.0, 5.0, 5.0, 5.0, 5.0
parameter ends

state | action | reward
[-0.01] | 0 | 1.0
-0.009308159351348877 | 0 | 1.0
-0.013993128202855587 | 0 | 1.0
-0.02256663888692856 | 0 | 1.0
-0.03503073751926422 | 0 | 1.0
-0.05138910561800003 | 0 | 1.0
-0.07164674252271652 | 0 | 1.0
-0.0958094671368599 | 0 | 1.0
-0.1238831877708435 | 0 | 1.0
-0.15587297081947327 | 0 | 1.0
Total reward: 10.0
5.0, 5.0, 5.0, 5.0, 5.0, 5.0, 5.0, 5.0, 5.0, 5.0
parameter ends

state | action | reward
[-0.04] | 0 | 1.0
-0.04030953347682953 | 0 | 1.0
-0.04470318183302879 | 0 | 1.0
-0.05300137773156166 | 0 | 1.0
-0.06520573049783707 | 0 | 1.0
-0.08131921291351318 | 0 | 1.0
-0.10134577006101608 | 0 | 1.0
-0.1252897083759308 | 0 | 1.0
-0.15315485000610352 | 0 | 1.0
Total reward: 9.0
5.0, 5.0, 5.0, 5.0, 5.0, 5.0, 5.0, 5.0, 5.0, 5.0
parameter ends

state | action | reward
[0.02] | 0 | 1.0
0.01961367018520832 | 0 | 1.0
0.015087641775608063 | 0 | 1.0
0.006670922972261906 | 0 | 1.0
-0.0056385756470263 | 0 | 1.0
-0.021844539791345596 | 0 | 1.0
-0.04195190593600273 | 0 | 1.0
-0.06596634536981583 | 0 | 1.0
-0.09389350563287735 | 0 | 1.0
-0.12573803961277008 | 0 | 1.0
Total reward: 10.0
5.0, 5.0, 5.0, 5.0, 5.0, 5.0, 5.0, 5.0, 5.0, 5.0
parameter ends

state | action | reward
[-0.02] | 0 | 1.0
-0.016563985496759415 | 0 | 1.0
-0.0208145622164011 | 0 | 1.0
-0.02895851619541645 | 0 | 1.0
-0.040997881442308426 | 0 | 1.0
-0.056936249136924744 | 0 | 1.0
-0.07677840441465378 | 0 | 1.0
-0.10052977502346039 | 0 | 1.0
-0.12819570302963257 | 0 | 1.0
-0.1597803384065628 | 0 | 1.0
Total reward: 10.0
5.0, 5.0, 5.0, 5.0, 5.0, 5.0, 5.0, 5.0, 5.0, 5.0
parameter ends

state | action | reward
[0.03] | 0 | 1.0
0.032636381685733795 | 0 | 1.0
0.029000572860240936 | 0 | 1.0
0.02146589756011963 | 0 | 1.0
0.010030511766672134 | 0 | 1.0
-0.005308900494128466 | 0 | 1.0
-0.02455674298107624 | 0 | 1.0
-0.047717925161123276 | 0 | 1.0
-0.07479705661535263 | 0 | 1.0
-0.10579733550548553 | 0 | 1.0
Total reward: 10.0
5.0, 5.0, 5.0, 5.0, 5.0, 5.0, 5.0, 5.0, 5.0, 5.0
parameter ends

state | action | reward
[0.03] | 0 | 1.0
0.03056800551712513 | 0 | 1.0
0.02675795555114746 | 0 | 1.0
0.019036108627915382 | 0 | 1.0
0.007401178125292063 | 0 | 1.0
-0.008149354718625546 | 0 | 1.0
-0.027618806809186935 | 0 | 1.0
-0.05101063475012779 | 0 | 1.0
-0.07832752913236618 | 0 | 1.0
Total reward: 9.0
5.0, 5.0, 5.0, 5.0, 5.0, 5.0, 5.0, 5.0, 5.0, 5.0
parameter ends

state | action | reward
[-0.03] | 0 | 1.0
-0.031436581164598465 | 0 | 1.0
-0.03472835570573807 | 0 | 1.0
-0.04191986098885536 | 0 | 1.0
-0.05301259458065033 | 0 | 1.0
-0.06800955533981323 | 0 | 1.0
-0.08691491186618805 | 0 | 1.0
-0.10973341763019562 | 0 | 1.0
-0.13646969199180603 | 0 | 1.0
-0.16712713241577148 | 0 | 1.0
Total reward: 10.0
5.0, 5.0, 5.0, 5.0, 5.0, 5.0, 5.0, 5.0, 5.0, 5.0
parameter ends

state | action | reward
[-0.] | 0 | 1.0
-0.005272817797958851 | 0 | 1.0
-0.009955190122127533 | 0 | 1.0
-0.018527846783399582 | 0 | 1.0
-0.0309924203902483 | 0 | 1.0
-0.04735221341252327 | 0 | 1.0
-0.06761188805103302 | 0 | 1.0
-0.09177698940038681 | 0 | 1.0
-0.11985328793525696 | 0 | 1.0
-0.1518458127975464 | 0 | 1.0
Total reward: 10.0
5.0, 5.0, 5.0, 5.0, 5.0, 5.0, 5.0, 5.0, 5.0, 5.0
parameter ends

state | action | reward
[-0.03] | 0 | 1.0
-0.030573047697544098 | 0 | 1.0
-0.033658239990472794 | 0 | 1.0
-0.04064967855811119 | 0 | 1.0
-0.05154900997877121 | 0 | 1.0
-0.06635920703411102 | 0 | 1.0
-0.08508413285017014 | 0 | 1.0
-0.10772790759801865 | 0 | 1.0
-0.13429401814937592 | 0 | 1.0
Total reward: 9.0
5.0, 5.0, 5.0, 5.0, 5.0, 5.0, 5.0, 5.0, 5.0, 5.0
parameter ends

state | action | reward
[0.05] | 0 | 1.0
0.045401617884635925 | 0 | 1.0
0.04161091893911362 | 0 | 1.0
0.03392830491065979 | 0 | 1.0
0.02235221676528454 | 0 | 1.0
0.006879451684653759 | 0 | 1.0
-0.012494534254074097 | 0 | 1.0
-0.03577514737844467 | 0 | 1.0
-0.06296797841787338 | 0 | 1.0
-0.09407784044742584 | 0 | 1.0
Total reward: 10.0
5.0, 5.0, 5.0, 5.0, 5.0, 5.0, 5.0, 5.0, 5.0, 5.0
parameter ends

state | action | reward
[0.04] | 0 | 1.0
0.03785045072436333 | 0 | 1.0
0.03313916549086571 | 0 | 1.0
0.024524735286831856 | 0 | 1.0
0.012005756609141827 | 0 | 1.0
-0.004420616663992405 | 0 | 1.0
-0.02475830912590027 | 0 | 1.0
-0.04901175573468208 | 0 | 1.0
-0.07718510180711746 | 0 | 1.0
Total reward: 9.0
5.0, 5.0, 5.0, 5.0, 5.0, 5.0, 5.0, 5.0, 5.0, 5.0
parameter ends

state | action | reward
[0.04] | 0 | 1.0
0.04373935982584953 | 0 | 1.0
0.038849953562021255 | 0 | 1.0
0.030058596283197403 | 0 | 1.0
0.017363430932164192 | 0 | 1.0
0.000761218077968806 | 0 | 1.0
-0.019752275198698044 | 0 | 1.0
-0.04418164864182472 | 0 | 1.0
-0.07253101468086243 | 0 | 1.0
Total reward: 9.0
5.0, 5.0, 5.0, 5.0, 5.0, 5.0, 5.0, 5.0, 5.0, 5.0
parameter ends

state | action | reward
[-0.03] | 0 | 1.0
-0.03399018198251724 | 0 | 1.0
-0.03764846548438072 | 0 | 1.0
-0.045213732868433 | 0 | 1.0
-0.05668747052550316 | 0 | 1.0
-0.07207249104976654 | 0 | 1.0
-0.0913725346326828 | 0 | 1.0
-0.11459162831306458 | 0 | 1.0
-0.14173322916030884 | 0 | 1.0
Total reward: 9.0
5.0, 5.0, 5.0, 5.0, 5.0, 5.0, 5.0, 5.0, 5.0, 5.0
parameter ends

state | action | reward
[0.02] | 0 | 1.0
0.019140608608722687 | 0 | 1.0
0.014769907109439373 | 0 | 1.0
0.00648737046867609 | 0 | 1.0
-0.005708594340831041 | 0 | 1.0
-0.021820731461048126 | 0 | 1.0
-0.04185246676206589 | 0 | 1.0
-0.06580719351768494 | 0 | 1.0
Total reward: 8.0
5.0, 5.0, 5.0, 5.0, 5.0, 5.0, 5.0, 5.0, 5.0, 5.0
parameter ends

state | action | reward
[-0.04] | 0 | 1.0
-0.04481247067451477 | 0 | 1.0
-0.048661984503269196 | 0 | 1.0
-0.05641302838921547 | 0 | 1.0
-0.06806746125221252 | 0 | 1.0
-0.08362854272127151 | 0 | 1.0
-0.10310053825378418 | 0 | 1.0
-0.1264880895614624 | 0 | 1.0
-0.15379537642002106 | 0 | 1.0
Total reward: 9.0
