5.3, 5.3, 5.3, 5.3, 5.3, 5.3, 5.3, 5.3, 5.3, 5.3
parameter ends

state | action | reward
[-0.03] | 0 | 1.0
-0.02653815783560276 | 0 | 1.0
-0.03096899762749672 | 0 | 1.0
-0.03928827494382858 | 0 | 1.0
-0.05149804428219795 | 0 | 1.0
-0.0676020085811615 | 0 | 1.0
-0.08760517835617065 | 0 | 1.0
-0.11151337623596191 | 0 | 1.0
-0.13933253288269043 | 0 | 1.0
-0.1710677146911621 | 0 | 1.0
Total reward: 10.0
5.3, 5.3, 5.3, 5.3, 5.3, 5.3, 5.3, 5.3, 5.3, 5.3
parameter ends

state | action | reward
[0.02] | 0 | 1.0
0.021112514659762383 | 0 | 1.0
0.018164554610848427 | 0 | 1.0
0.01130068302154541 | 0 | 1.0
0.0005196677520871162 | 0 | 1.0
-0.01418081670999527 | 0 | 1.0
-0.0328037329018116 | 0 | 1.0
-0.055351972579956055 | 0 | 1.0
Total reward: 8.0
5.3, 5.3, 5.3, 5.3, 5.3, 5.3, 5.3, 5.3, 5.3, 5.3
parameter ends

state | action | reward
[0.02] | 0 | 1.0
0.016605623066425323 | 0 | 1.0
0.012406134977936745 | 0 | 1.0
0.004300017841160297 | 0 | 1.0
-0.007714078761637211 | 0 | 1.0
-0.02363887056708336 | 0 | 1.0
-0.04347804933786392 | 0 | 1.0
-0.06723568588495255 | 0 | 1.0
-0.09491539001464844 | 0 | 1.0
Total reward: 9.0
5.3, 5.3, 5.3, 5.3, 5.3, 5.3, 5.3, 5.3, 5.3, 5.3
parameter ends

state | action | reward
[-0.04] | 0 | 1.0
-0.03739768639206886 | 0 | 1.0
-0.04051922634243965 | 0 | 1.0
-0.04755426570773125 | 0 | 1.0
-0.058504100888967514 | 0 | 1.0
-0.07337120175361633 | 0 | 1.0
-0.09215875715017319 | 0 | 1.0
-0.11486998945474625 | 0 | 1.0
Total reward: 8.0
5.3, 5.3, 5.3, 5.3, 5.3, 5.3, 5.3, 5.3, 5.3, 5.3
parameter ends

state | action | reward
[-0.] | 0 | 1.0
-0.0031608804129064083 | 0 | 1.0
-0.007071949075907469 | 0 | 1.0
-0.0148982098326087 | 0 | 1.0
-0.026641130447387695 | 0 | 1.0
-0.042303238064050674 | 0 | 1.0
-0.061887629330158234 | 0 | 1.0
-0.08539722114801407 | 0 | 1.0
Total reward: 8.0
5.3, 5.3, 5.3, 5.3, 5.3, 5.3, 5.3, 5.3, 5.3, 5.3
parameter ends

state | action | reward
[0.02] | 0 | 1.0
0.016497712582349777 | 0 | 1.0
0.011749939061701298 | 0 | 1.0
0.003086852841079235 | 0 | 1.0
-0.009492837823927402 | 0 | 1.0
-0.025991525501012802 | 0 | 1.0
-0.04641224443912506 | 0 | 1.0
-0.07075795531272888 | 0 | 1.0
Total reward: 8.0
5.3, 5.3, 5.3, 5.3, 5.3, 5.3, 5.3, 5.3, 5.3, 5.3
parameter ends

state | action | reward
[5.66e-05] | 0 | 1.0
0.0006879920838400722 | 0 | 1.0
-0.00258249812759459 | 0 | 1.0
-0.009755047038197517 | 0 | 1.0
-0.02083144336938858 | 0 | 1.0
-0.035814881324768066 | 0 | 1.0
-0.054709553718566895 | 0 | 1.0
-0.07752004265785217 | 0 | 1.0
-0.1042504832148552 | 0 | 1.0
Total reward: 9.0
5.3, 5.3, 5.3, 5.3, 5.3, 5.3, 5.3, 5.3, 5.3, 5.3
parameter ends

state | action | reward
[-0.03] | 0 | 1.0
-0.02605305425822735 | 0 | 1.0
-0.029721170663833618 | 0 | 1.0
-0.03729330748319626 | 0 | 1.0
-0.04877118021249771 | 0 | 1.0
-0.06415785849094391 | 0 | 1.0
-0.08345738798379898 | 0 | 1.0
-0.10667413473129272 | 0 | 1.0
-0.13381193578243256 | 0 | 1.0
Total reward: 9.0
5.3, 5.3, 5.3, 5.3, 5.3, 5.3, 5.3, 5.3, 5.3, 5.3
parameter ends

state | action | reward
[-0.03] | 0 | 1.0
-0.030112918466329575 | 0 | 1.0
-0.03422117605805397 | 0 | 1.0
-0.04222477972507477 | 0 | 1.0
-0.054125528782606125 | 0 | 1.0
-0.06992676854133606 | 0 | 1.0
-0.08963306248188019 | 0 | 1.0
-0.11324962228536606 | 0 | 1.0
-0.14078156650066376 | 0 | 1.0
-0.17223288118839264 | 0 | 1.0
Total reward: 10.0
5.3, 5.3, 5.3, 5.3, 5.3, 5.3, 5.3, 5.3, 5.3, 5.3
parameter ends

state | action | reward
[-0.02] | 0 | 1.0
-0.02366292104125023 | 0 | 1.0
-0.026942241936922073 | 0 | 1.0
-0.034118395298719406 | 0 | 1.0
-0.04519296810030937 | 0 | 1.0
-0.06016909331083298 | 0 | 1.0
-0.07905112951993942 | 0 | 1.0
-0.10184411704540253 | 0 | 1.0
-0.12855301797389984 | 0 | 1.0
-0.15918175876140594 | 0 | 1.0
Total reward: 10.0
5.3, 5.3, 5.3, 5.3, 5.3, 5.3, 5.3, 5.3, 5.3, 5.3
parameter ends

state | action | reward
[-0.02] | 0 | 1.0
-0.022700712084770203 | 0 | 1.0
-0.026205290108919144 | 0 | 1.0
-0.03361348435282707 | 0 | 1.0
-0.044926922768354416 | 0 | 1.0
-0.060148630291223526 | 0 | 1.0
-0.07928261905908585 | 0 | 1.0
-0.10233330726623535 | 0 | 1.0
-0.1293046474456787 | 0 | 1.0
Total reward: 9.0
5.3, 5.3, 5.3, 5.3, 5.3, 5.3, 5.3, 5.3, 5.3, 5.3
parameter ends

state | action | reward
[-0.03] | 0 | 1.0
-0.03160170838236809 | 0 | 1.0
-0.03504559025168419 | 0 | 1.0
-0.04238542914390564 | 0 | 1.0
-0.0536230206489563 | 0 | 1.0
-0.06876169890165329 | 0 | 1.0
-0.08780598640441895 | 0 | 1.0
-0.11076105386018753 | 0 | 1.0
-0.13763192296028137 | 0 | 1.0
-0.16842249035835266 | 0 | 1.0
Total reward: 10.0
5.3, 5.3, 5.3, 5.3, 5.3, 5.3, 5.3, 5.3, 5.3, 5.3
parameter ends

state | action | reward
[-0.04] | 0 | 1.0
-0.03858988359570503 | 0 | 1.0
-0.04325934499502182 | 0 | 1.0
-0.05182962492108345 | 0 | 1.0
-0.06430221349000931 | 0 | 1.0
-0.08068010210990906 | 0 | 1.0
-0.1009673923254013 | 0 | 1.0
-0.12516875565052032 | 0 | 1.0
-0.15328864753246307 | 0 | 1.0
-0.18533021211624146 | 0 | 1.0
Total reward: 10.0
5.3, 5.3, 5.3, 5.3, 5.3, 5.3, 5.3, 5.3, 5.3, 5.3
parameter ends

state | action | reward
[0.02] | 0 | 1.0
0.019161323085427284 | 0 | 1.0
0.015930933877825737 | 0 | 1.0
0.008794988505542278 | 0 | 1.0
-0.002247827360406518 | 0 | 1.0
-0.017200225964188576 | 0 | 1.0
-0.036065950989723206 | 0 | 1.0
-0.05884918197989464 | 0 | 1.0
-0.08555372059345245 | 0 | 1.0
Total reward: 9.0
5.3, 5.3, 5.3, 5.3, 5.3, 5.3, 5.3, 5.3, 5.3, 5.3
parameter ends

state | action | reward
[0.03] | 0 | 1.0
0.02550896443426609 | 0 | 1.0
0.020682623609900475 | 0 | 1.0
0.011951546184718609 | 0 | 1.0
-0.0006856847903691232 | 0 | 1.0
-0.01723189279437065 | 0 | 1.0
-0.037690918892621994 | 0 | 1.0
-0.062067046761512756 | 0 | 1.0
-0.09036415070295334 | 0 | 1.0
Total reward: 9.0
5.3, 5.3, 5.3, 5.3, 5.3, 5.3, 5.3, 5.3, 5.3, 5.3
parameter ends

state | action | reward
[-0.02] | 0 | 1.0
-0.023059578612446785 | 0 | 1.0
-0.027250925078988075 | 0 | 1.0
-0.035342987626791 | 0 | 1.0
-0.04733721911907196 | 0 | 1.0
-0.06323657184839249 | 0 | 1.0
-0.0830451250076294 | 0 | 1.0
-0.10676755011081696 | 0 | 1.0
-0.13440833985805511 | 0 | 1.0
-0.16597071290016174 | 0 | 1.0
Total reward: 10.0
5.3, 5.3, 5.3, 5.3, 5.3, 5.3, 5.3, 5.3, 5.3, 5.3
parameter ends

state | action | reward
[0.03] | 0 | 1.0
0.0265108160674572 | 0 | 1.0
0.02336316928267479 | 0 | 1.0
0.016306206583976746 | 0 | 1.0
0.0053386325016617775 | 0 | 1.0
-0.00954214297235012 | 0 | 1.0
-0.02833961322903633 | 0 | 1.0
-0.051057543605566025 | 0 | 1.0
-0.07769910246133804 | 0 | 1.0
Total reward: 9.0
5.3, 5.3, 5.3, 5.3, 5.3, 5.3, 5.3, 5.3, 5.3, 5.3
parameter ends

state | action | reward
[-0.04] | 0 | 1.0
-0.03559465333819389 | 0 | 1.0
-0.039163537323474884 | 0 | 1.0
-0.0466265045106411 | 0 | 1.0
-0.057985130697488785 | 0 | 1.0
-0.07324260473251343 | 0 | 1.0
-0.09240340441465378 | 0 | 1.0
-0.11547277122735977 | 0 | 1.0
-0.1424560546875 | 0 | 1.0
-0.17335766553878784 | 0 | 1.0
Total reward: 10.0
5.3, 5.3, 5.3, 5.3, 5.3, 5.3, 5.3, 5.3, 5.3, 5.3
parameter ends

state | action | reward
[-0.] | 0 | 1.0
-0.0006153766298666596 | 0 | 1.0
-0.004056059289723635 | 0 | 1.0
-0.011391385458409786 | 0 | 1.0
-0.022623330354690552 | 0 | 1.0
-0.03775541111826897 | 0 | 1.0
-0.056792326271533966 | 0 | 1.0
-0.07973938435316086 | 0 | 1.0
-0.10660175234079361 | 0 | 1.0
-0.13738340139389038 | 0 | 1.0
Total reward: 10.0
5.3, 5.3, 5.3, 5.3, 5.3, 5.3, 5.3, 5.3, 5.3, 5.3
parameter ends

state | action | reward
[-0.03] | 0 | 1.0
-0.03491082787513733 | 0 | 1.0
-0.038896121084690094 | 0 | 1.0
-0.04678681120276451 | 0 | 1.0
-0.05858444795012474 | 0 | 1.0
-0.07429193705320358 | 0 | 1.0
-0.09391315281391144 | 0 | 1.0
-0.11745230108499527 | 0 | 1.0
-0.14491307735443115 | 0 | 1.0
Total reward: 9.0
